20140102,398.799988,399.359985,394.019989,397.970001,2137800
20140103,398.290009,402.709991,396.220001,396.440002,2210200
20140106,395.850006,397.00,388.420013,393.630005,3170600
20140107,395.040009,398.470001,394.290009,398.029999,1916000
20140108,398.470001,403.00,396.040009,401.920013,2316500
20140109,403.709991,406.890015,398.440002,401.01001,2103000
20140110,402.529999,403.76001,393.799988,397.660004,2679500
20140113,397.980011,399.779999,388.450012,390.980011,2844900
20140114,392.130005,398.630005,391.290009,397.540009,2340100
20140115,398.940002,399.309998,392.529999,395.869995,2678300
20140116,393.679993,399.290009,389.410004,395.799988,2601200
20140117,394.26001,403.48999,393.660004,399.609985,4505100
20140121,403.00,407.799988,401.600006,407.049988,3122100
20140122,408.00,408.059998,402.00,404.540009,2060500
20140123,401.00,406.170013,397.790009,399.869995,3025400
20140124,398.160004,400.200012,387.269989,387.600006,4458400
20140127,390.50,394.100006,380.48999,386.279999,3936800
20140128,387.399994,394.73999,387.119995,394.429993,2894500
20140129,392.160004,392.850006,383.23999,384.200012,3382300
20140130,393.769989,406.25,387.700012,403.01001,10473900
20140131,371.76001,375.450012,357.76001,358.690002,16154800
20140203,358.980011,360.850006,340.100006,346.149994,10280800
20140204,349.589996,354.00,344.019989,347.950012,4812900
20140205,346.00,349.369995,337.730011,346.450012,4435400
20140206,347.399994,354.820007,347.399994,354.589996,3335700
20140207,358.980011,361.799988,352.48999,361.079987,4330500
20140210,361.609985,365.00,359.350006,360.869995,3449700
20140211,361.839996,363.609985,356.25,361.790009,3222100
20140212,356.429993,357.75,346.320007,349.25,6587700
20140213,347.700012,357.200012,346.50,357.200012,4175000
20140214,359.339996,359.339996,353.350006,357.350006,3520200
20140218,355.279999,355.730011,349.450012,353.649994,4998000
20140219,352.640015,354.540009,346.100006,347.380005,4168100
20140220,348.799988,350.459991,344.380005,349.799988,3492800
20140221,352.440002,354.140015,346.75,346.76001,4210000
20140224,345.190002,353.00,343.290009,351.779999,3644700
20140225,353.00,361.079987,351.579987,358.320007,3736400
20140226,359.859985,364.75,357.170013,359.799988,3622100
20140227,357.220001,360.589996,355.50,360.130005,3104900
20140228,360.600006,365.869995,357.079987,362.100006,3882000
20140303,358.73999,360.959991,354.480011,359.779999,2798300
20140304,363.899994,365.679993,362.459991,363.899994,2704400
20140305,364.130005,372.730011,363.899994,372.369995,3848300
20140306,374.049988,375.329987,368.899994,372.160004,2926600
20140307,374.579987,374.98999,369.529999,372.059998,2279800
20140310,372.690002,372.730011,367.00,370.529999,2105800
20140311,370.98999,372.799988,367.279999,368.820007,2246100
20140312,366.399994,371.160004,363.609985,370.640015,2216600
20140313,376.619995,383.109985,368.079987,371.51001,6829000
20140314,372.799988,378.570007,371.549988,373.73999,4402200
20140317,375.720001,378.850006,374.880005,375.040009,2303000
20140318,377.320007,379.00,375.00,378.769989,2483500
20140319,378.769989,379.00,369.420013,373.230011,2646700
20140320,370.640015,373.00,366.220001,368.970001,2558500
20140321,371.00,372.839996,358.399994,360.619995,5414100
20140324,360.089996,361.50,348.600006,351.850006,4873500
20140325,354.029999,358.970001,348.839996,354.709991,4445700
20140326,357.130005,357.600006,343.399994,343.410004,4120700
20140327,343.149994,344.00,330.880005,338.470001,5766400
20140328,340.049988,347.00,336.079987,338.290009,3986800
20140331,342.399994,346.290009,334.059998,336.369995,4297500
20140401,338.089996,344.429993,338.00,342.98999,3600100
20140402,345.98999,348.299988,340.380005,341.959991,4475500
20140403,341.820007,342.50,328.459991,333.619995,6399300
20140404,335.149994,335.440002,315.609985,323.00,12534600
20140407,320.98999,324.940002,313.130005,317.76001,7077400
20140408,321.880005,328.00,318.440002,327.070007,6577600
20140409,328.470001,332.179993,322.50,331.809998,5056600
20140410,330.600006,331.00,316.50,317.109985,6126700
20140411,314.00,316.50,309.50,311.730011,7287500
20140414,317.670013,320.480011,311.279999,315.910004,4293500
20140415,316.700012,318.279999,305.50,316.079987,5398600
20140416,321.170013,324.00,314.709991,323.679993,4284900
20140417,319.76001,328.660004,319.76001,324.910004,4299200
20140421,323.970001,331.149994,322.309998,330.869995,2999400
20140422,332.00,337.50,328.940002,329.320007,3711600
20140423,333.059998,333.130005,323.390015,324.579987,3604600
20140424,329.670013,337.399994,322.950012,337.149994,9293700
20140425,316.25,316.48999,302.709991,303.829987,16180200
20140428,304.00,304.390015,288.00,296.579987,14479800
20140429,296.440002,301.839996,290.450012,300.380005,6509300
20140430,298.100006,304.559998,298.100006,304.130005,4088600
20140501,304.130005,310.480011,304.00,307.890015,4328600
20140502,310.420013,313.290009,304.309998,308.01001,3995100
20140505,306.369995,310.230011,305.00,310.049988,2519900
20140506,309.529999,309.809998,297.040009,297.380005,4682300
20140507,295.559998,296.399994,286.679993,292.709991,7015200
20140508,290.820007,295.880005,287.230011,288.320007,3848200
20140509,290.570007,293.679993,284.380005,292.23999,4063000
20140512,294.299988,303.339996,294.160004,302.859985,3729600
20140513,302.600006,305.600006,300.75,304.640015,3509900
20140514,302.50,304.640015,296.660004,297.619995,3323300
20140515,298.019989,299.200012,290.380005,295.190002,4295100
20140516,292.799988,298.880005,291.549988,297.700012,3636800
20140519,295.76001,299.00,293.809998,296.76001,2284200
20140520,297.100006,304.459991,296.75,301.190002,4095700
20140521,302.209991,305.959991,301.519989,305.01001,3408800
20140522,305.049988,308.540009,303.01001,304.910004,2576800
20140523,305.459991,312.350006,304.899994,312.23999,3052900
20140527,314.410004,314.630005,307.380005,310.820007,4862100
20140528,309.50,313.820007,307.420013,310.160004,2726000
20140529,310.420013,314.869995,310.200012,313.779999,2365500
20140530,314.429993,314.649994,307.570007,312.549988,4260200
20140602,312.589996,312.600006,307.00,308.839996,2203400
20140603,305.75,307.920013,305.070007,307.190002,2379200
20140604,306.850006,309.50,303.839996,306.779999,2107100
20140605,308.100006,327.940002,306.899994,323.570007,7796700
20140606,325.00,330.880005,324.929993,329.670013,5244000
20140609,331.570007,333.00,325.649994,327.50,3212200
20140610,327.649994,335.50,327.50,332.410004,3663400
20140611,336.00,340.720001,333.880005,335.200012,4436800
20140612,335.549988,335.549988,324.660004,325.910004,4276300
20140613,327.049988,329.299988,323.529999,326.269989,2764800
20140616,324.859985,328.690002,323.519989,327.619995,2449800
20140617,327.540009,331.339996,325.230011,325.619995,2924100
20140618,328.00,335.75,325.00,334.380005,6401500
20140619,335.26001,338.899994,325.980011,327.00,5320600
20140620,327.76001,328.220001,320.420013,324.200012,6054000
20140623,323.329987,327.549988,321.410004,327.23999,2604800
20140624,327.540009,329.730011,322.73999,324.160004,2626600
20140625,324.329987,328.149994,321.73999,327.440002,2327800
20140626,328.48999,328.649994,322.130005,325.690002,2699500
20140627,325.880005,326.519989,323.269989,324.570007,2416200
20140630,324.980011,326.980011,322.23999,324.779999,2671300
20140701,325.859985,333.200012,325.100006,332.390015,3173600
20140702,333.200012,336.76001,331.660004,332.850006,2681300
20140703,334.829987,338.299988,333.079987,337.48999,1944300
20140707,337.50,337.549988,332.519989,333.549988,2128900
20140708,333.100006,333.73999,321.399994,323.809998,4271600
20140709,324.709991,330.200012,323.149994,329.970001,3166100
20140710,324.339996,329.980011,322.649994,327.920013,2665000
20140711,334.709991,347.00,334.709991,346.200012,8300800
20140714,347.029999,355.769989,345.359985,355.320007,5609900
20140715,353.720001,355.589996,349.399994,354.440002,4170900
20140716,355.619995,359.320007,353.00,355.899994,3503600
20140717,353.440002,356.959991,351.380005,352.450012,3636000
20140718,354.399994,359.679993,352.079987,358.660004,3407400
20140721,358.100006,361.709991,356.720001,359.76001,2278400
20140722,355.25,362.929993,355.25,360.839996,2888900
20140723,359.049988,360.630005,356.619995,358.140015,2687300
20140724,359.980011,364.850006,358.519989,358.609985,7088700
20140725,317.299988,324.869995,314.76001,324.01001,17846500
20140728,324.25,324.820007,316.50,320.410004,5932000
20140729,321.980011,322.899994,319.50,320.00,2883800
20140730,321.450012,322.730011,318.50,322.51001,3969000
20140731,320.01001,320.679993,311.859985,312.98999,5192000
20140801,313.690002,315.829987,304.589996,307.059998,7441500
20140804,308.839996,316.179993,308.50,313.649994,4200900
20140805,313.299988,314.549988,310.059998,312.320007,2852100
20140806,310.829987,315.779999,310.200012,313.890015,2296900
20140807,315.209991,315.880005,309.649994,311.450012,2935600
20140808,311.940002,317.320007,310.660004,316.799988,2705900
20140811,318.480011,320.380005,316.880005,318.329987,2468600
20140812,318.890015,321.309998,316.950012,319.320007,1915800
20140813,327.600006,331.720001,326.140015,326.279999,4945100
20140814,327.799988,334.089996,326.709991,333.209991,3420400
20140815,334.00,335.00,328.320007,333.630005,3896700
20140818,335.480011,337.799988,333.769989,334.529999,2485400
20140819,334.869995,335.809998,333.01001,335.130005,1713800
20140820,334.679993,337.160004,334.019989,335.779999,1810500
20140821,336.480011,336.579987,332.230011,332.910004,1971100
20140822,332.98999,334.079987,330.799988,331.589996,2211200
20140825,333.209991,336.769989,332.709991,334.019989,1957700
20140826,337.00,344.359985,334.549988,341.829987,3654700
20140827,342.089996,346.670013,341.339996,343.179993,2961600
20140828,340.00,341.790009,338.799988,340.019989,2252700
20140829,341.76001,341.820007,337.679993,339.040009,1939500
20140902,339.980011,342.50,337.160004,342.380005,2326000
20140903,342.540009,343.269989,337.549988,339.00,1993700
20140904,343.690002,349.380005,343.579987,345.950012,3965600
20140905,346.299988,346.829987,342.50,346.380005,2107000
20140908,344.540009,345.809998,339.040009,342.339996,2955300
20140909,341.609985,341.76001,329.179993,329.75,4646800
20140910,334.299988,334.980011,328.820007,331.329987,3797400
20140911,329.940002,333.01001,326.390015,330.519989,2720200
20140912,329.559998,332.890015,328.790009,331.190002,3429300
20140915,330.910004,331.329987,319.00,323.890015,4000400
20140916,321.070007,329.480011,320.100006,327.76001,3259900
20140917,327.76001,328.00,321.519989,324.00,4136000
20140918,325.440002,327.100006,323.709991,325.00,2576900
20140919,327.600006,332.76001,325.570007,331.320007,6886200
20140922,328.48999,329.48999,321.059998,324.50,3109700
20140923,322.459991,327.600006,321.25,323.630005,2352600
20140924,324.170013,329.440002,319.559998,328.209991,2642200
20140925,327.98999,328.540009,321.399994,321.929993,2928800
20140926,320.600006,323.50,317.640015,323.209991,3638000
20140929,320.50,323.75,319.00,321.820007,1924600
20140930,321.359985,323.429993,318.51001,322.440002,2636200
20141001,322.040009,322.170013,315.549988,317.459991,3089100
20141002,316.920013,318.529999,311.309998,318.410004,3553900
20141003,320.359985,325.160004,319.529999,322.73999,3037400
20141006,323.50,324.130005,319.600006,322.200012,2290300
20141007,319.429993,322.00,316.670013,316.980011,2365400
20141008,316.579987,324.109985,314.140015,322.700012,3452800
20141009,321.48999,322.269989,314.519989,315.369995,3587900
20141010,314.019989,317.769989,311.380005,311.390015,3681900
20141013,309.869995,313.200012,303.470001,306.450012,4363900
20141014,308.00,312.23999,305.75,308.309998,3385800
20141015,304.350006,307.899994,299.100006,305.970001,5343900
20141016,293.829987,306.820007,293.829987,302.859985,4731300
20141017,307.149994,309.200012,302.720001,303.640015,4405100
20141020,302.950012,306.529999,302.019989,306.209991,3234500
20141021,309.899994,315.640015,307.070007,315.329987,3559300
20141022,315.429993,318.980011,312.640015,312.970001,3125900
20141023,313.399994,316.799988,311.399994,313.179993,9038200
20141024,284.399994,293.809998,284.00,287.059998,19801100
20141027,285.700012,290.420013,285.019989,289.970001,5950600
20141028,289.76001,298.00,289.76001,295.589996,5572600
20141029,299.109985,299.609985,293.070007,294.119995,4881900
20141030,293.980011,299.73999,292.359985,299.070007,4048200
20141031,305.149994,305.720001,301.50,305.459991,4550700
20141103,306.23999,308.01001,303.23999,305.720001,3242500
20141104,303.98999,304.25,300.170013,302.809998,3427400
20141105,303.01001,304.00,294.160004,296.519989,4674500
20141106,296.690002,297.00,292.290009,296.640015,3758100
20141107,297.820007,299.98999,296.290009,299.859985,2647400
20141110,300.00,305.799988,300.00,305.109985,2809100
20141111,305.940002,312.380005,303.649994,312.01001,3803600
20141112,310.75,312.579987,308.790009,311.51001,2181700
20141113,312.00,317.890015,311.51001,316.480011,3685700
20141114,317.119995,332.880005,316.399994,327.820007,8876300
20141117,326.440002,328.00,318.029999,323.049988,4784600
20141118,323.98999,329.559998,323.25,324.929993,3549500
20141119,327.25,328.399994,324.019989,326.540009,3280800
20141120,324.00,332.670013,323.329987,330.540009,3435000
20141121,335.420013,338.329987,331.470001,332.630005,4466000
20141124,334.779999,337.390015,333.600006,335.640015,2753700
20141125,335.269989,336.329987,331.279999,335.040009,2561200
20141126,333.779999,334.649994,331.75,333.570007,1983600
20141128,336.029999,341.26001,336.029999,338.640015,3051800
20141201,338.119995,340.640015,325.929993,326.00,4944900
20141202,327.50,327.929993,323.25,326.309998,2783500
20141203,325.730011,326.769989,314.359985,316.50,5681000
20141204,315.529999,318.589996,313.470001,316.929993,3290300
20141205,316.799988,316.929993,310.839996,312.630005,3265200
20141208,311.570007,316.559998,304.820007,306.640015,3639200
20141209,302.98999,313.640015,301.140015,312.50,4049500
20141210,312.00,313.190002,304.679993,305.839996,3245900
20141211,307.890015,312.640015,306.01001,307.359985,3262900
20141212,303.98999,310.640015,303.01001,307.320007,3153500
20141215,308.869995,310.859985,302.149994,306.070007,3841600
20141216,304.350006,304.48999,295.01001,295.059998,6501300
20141217,296.369995,299.670013,293.029999,298.880005,4433500
20141218,304.01001,304.50,293.25,297.730011,7738100
20141219,296.910004,301.540009,295.519989,299.899994,8709100
20141222,301.940002,307.359985,301.940002,306.540009,4003800
20141223,306.980011,307.48999,303.25,306.290009,2713700
20141224,306.380005,307.00,302.880005,303.029999,1513800
20141226,305.00,310.779999,303.809998,309.089996,2887500
20141229,307.850006,314.269989,306.579987,312.040009,3009000
20141230,309.910004,313.940002,309.339996,310.299988,2093000
20141231,311.549988,312.980011,310.01001,310.350006,2048000
20150102,312.579987,314.75,306.959991,308.519989,2783200
20150105,307.01001,308.380005,300.850006,302.190002,2774200
20150106,302.23999,303.00,292.380005,295.290009,3519000
20150107,297.50,301.279999,295.329987,298.420013,2640300
20150108,300.320007,303.140015,296.109985,300.459991,3088400
20150109,301.480011,302.869995,296.679993,296.929993,2589500
20150112,297.559998,298.51001,289.279999,291.410004,3421400
20150113,297.480011,301.50,293.230011,294.73999,4130900
20150114,291.929993,295.910004,286.50,293.269989,5538700
20150115,294.00,296.00,286.820007,286.950012,4410200
20150116,286.279999,290.790009,285.25,290.73999,3478200
20150120,292.589996,293.359985,286.390015,289.440002,3075100
20150121,289.640015,306.00,287.26001,297.25,10065100
20150122,300.00,312.25,300.00,310.320007,5362600
20150123,308.079987,316.929993,307.720001,312.390015,4496400
20150126,311.820007,313.00,307.519989,309.660004,3169700
20150127,306.299988,310.23999,302.630005,306.75,2920300
20150128,309.809998,311.51001,303.799988,303.910004,3063800
20150129,304.730011,312.799988,299.329987,311.779999,8656600
20150130,346.320007,359.50,340.73999,354.529999,23856100
20150202,350.049988,365.00,350.01001,364.470001,10231900
20150203,360.290009,367.820007,360.209991,363.549988,6212600
20150204,358.380005,367.50,358.230011,364.75,4169900
20150205,366.00,378.799988,365.899994,373.890015,7247600
20150206,374.869995,375.98999,371.01001,374.279999,3871300
20150209,371.00,374.410004,367.200012,370.559998,2724600
20150210,371.190002,374.299988,368.51001,373.00,2287200
20150211,371.230011,377.100006,371.100006,375.140015,2786500
20150212,375.100006,378.51001,373.149994,377.170013,2791100
20150213,378.410004,383.00,377.01001,381.829987,3475100
20150217,377.720001,379.98999,372.670013,375.429993,3673200
20150218,373.779999,376.73999,372.850006,373.369995,2650600
20150219,373.48999,381.880005,373.429993,379.00,2953800
20150220,378.619995,383.700012,375.839996,383.660004,3258000
20150223,383.440002,384.540009,378.00,380.140015,2177000
20150224,378.649994,380.480011,376.160004,378.589996,1920800
20150225,377.269989,387.850006,376.540009,385.369995,3174500
20150226,384.070007,389.369995,383.279999,384.799988,2687100
20150227,384.00,385.98999,379.790009,380.160004,2532300
20150302,380.850006,385.899994,379.480011,385.660004,2139200
20150303,383.950012,386.100006,381.600006,384.609985,1946500
20150304,385.709991,387.899994,382.190002,382.720001,2259100
20150305,385.609985,388.420013,383.890015,387.829987,2693500
20150306,385.519989,387.00,378.880005,380.089996,2627000
20150309,378.399994,379.329987,375.279999,378.559998,2311400
20150310,377.450012,377.769989,369.179993,369.51001,3121000
20150311,370.609985,373.350006,366.26001,366.369995,2495100
20150312,368.820007,375.50,367.519989,374.23999,2810000
20150313,371.519989,373.98999,366.679993,370.579987,2611700
20150316,370.380005,373.940002,366.720001,373.350006,2354100
20150317,371.109985,374.50,369.640015,371.920013,2037000
20150318,369.970001,375.98999,366.700012,375.140015,2654100
20150319,373.869995,377.109985,372.190002,373.23999,1915700
20150320,376.290009,379.369995,375.920013,378.48999,3763600
20150323,378.070007,381.769989,374.940002,375.109985,2239300
20150324,373.98999,375.23999,372.269989,374.089996,2228200
20150325,375.170013,380.50,370.290009,370.959991,3429500
20150326,369.589996,371.399994,365.649994,367.350006,2930000
20150327,367.109985,373.170013,366.570007,370.559998,2609800
20150330,371.869995,376.119995,371.549988,374.589996,1820900
20150331,373.23999,377.700012,371.51001,372.100006,2506100
20150401,372.100006,373.160004,368.339996,370.26001,2458100
20150402,370.50,373.279999,369.00,372.25,1875300
20150406,370.100006,380.200012,369.359985,377.040009,3050700
20150407,376.149994,379.309998,374.029999,374.410004,1954900
20150408,374.660004,381.579987,374.649994,381.200012,2636400
20150409,380.660004,384.420013,378.799988,383.540009,2392300
20150410,384.309998,387.119995,381.320007,382.649994,2573500
20150413,383.529999,385.279999,380.140015,382.359985,1894500
20150414,383.51001,387.809998,381.209991,385.109985,2583600
20150415,384.649994,385.779999,381.640015,383.450012,1921200
20150416,383.690002,387.450012,383.549988,386.040009,2070500
20150417,382.630005,383.559998,374.399994,375.559998,3828800
20150420,378.549988,391.940002,377.00,389.51001,5001400
20150421,391.309998,394.600006,386.799988,391.179993,4634500
20150422,391.910004,394.279999,388.00,389.799988,3447200
20150423,390.209991,391.880005,386.149994,389.98999,6640600
20150424,439.00,452.649994,439.00,445.100006,17031400
20150427,443.859985,446.98999,437.410004,438.559998,5420600
20150428,438.51001,439.00,428.040009,429.309998,4129800
20150429,426.75,434.23999,426.029999,429.369995,3613300
20150430,427.109985,431.75,419.23999,421.779999,3609700
20150501,423.820007,425.640015,416.00,422.869995,3427600
20150504,424.799988,429.769989,422.420013,423.040009,2266200
20150505,422.850006,427.51001,421.019989,421.190002,2844700
20150506,421.429993,422.720001,414.549988,419.100006,2534900
20150507,424.149994,428.50,422.850006,426.880005,2757800
20150508,430.75,435.200012,430.170013,433.690002,2887200
20150511,432.51001,439.00,431.369995,432.850006,2389200
20150512,431.079987,433.25,426.709991,431.019989,1935900
20150513,429.980011,433.529999,425.799988,426.869995,1994000
20150514,429.450012,433.00,427.01001,432.279999,1883300
20150515,428.00,430.399994,424.299988,426.00,4226200
20150518,426.00,427.269989,421.459991,425.23999,2268700
20150519,424.869995,428.23999,420.630005,421.709991,2464200
20150520,420.600006,427.100006,418.359985,423.859985,2191000
20150521,428.00,436.899994,428.00,431.630005,4113200
20150522,431.549988,432.440002,427.609985,427.630005,2018600
20150526,426.200012,427.00,422.00,425.470001,2238200
20150527,427.450012,431.850006,425.01001,431.420013,2221400
20150528,429.709991,431.350006,425.470001,426.570007,1907800
20150529,427.230011,432.50,427.230011,429.230011,3008600
20150601,430.399994,433.160004,426.200012,430.920013,2250000
20150602,430.070007,433.230011,426.25,430.98999,1668900
20150603,434.399994,438.390015,432.75,436.589996,2720800
20150604,434.399994,436.76001,429.26001,430.779999,2499700
20150605,429.660004,430.799988,426.50,426.950012,1903100
20150608,425.619995,426.799988,421.429993,423.50,2166900
20150609,422.959991,427.48999,419.140015,425.480011,2274600
20150610,426.459991,432.200012,425.660004,430.769989,2166500
20150611,432.290009,438.890015,431.470001,432.970001,2917100
20150612,431.25,432.359985,428.26001,429.920013,2050200
20150615,427.660004,428.049988,422.640015,423.670013,2041900
20150616,424.149994,427.970001,422.670013,427.26001,2296400
20150617,428.359985,431.350006,424.75,427.809998,2184100
20150618,430.299988,439.730011,429.410004,439.390015,3369700
20150619,440.26001,444.98999,433.23999,434.920013,4481100
20150622,437.00,439.23999,434.179993,436.290009,1765500
20150623,435.589996,447.040009,433.690002,445.98999,3209400
20150624,444.970001,446.470001,440.230011,440.839996,2614400
20150625,438.070007,443.470001,436.390015,440.100006,2235600
20150626,441.76001,443.48999,435.059998,438.100006,2529500
20150629,434.980011,437.00,429.00,429.859985,2709400
20150630,434.200012,435.570007,430.459991,434.089996,2574200
20150701,439.350006,440.00,435.579987,437.390015,1973400
20150702,437.00,438.200012,433.480011,437.709991,1337200
20150706,435.230011,439.730011,433.519989,436.040009,1899200
20150707,435.679993,437.730011,425.570007,436.720001,3102300
20150708,434.350006,435.98999,428.829987,429.700012,2375300
20150709,434.899994,438.720001,434.149994,434.390015,2262900
20150710,440.48999,444.720001,439.00,443.51001,2397200
20150713,448.290009,457.869995,447.540009,455.570007,3935600
20150714,462.320007,469.600006,458.160004,465.570007,4722500
20150715,463.040009,464.700012,460.200012,461.190002,2973300
20150716,465.50,475.880005,464.799988,475.480011,4065900
20150717,477.700012,485.420013,477.25,483.01001,4900900
20150720,492.570007,493.200012,485.399994,488.100006,4715800
20150721,487.899994,488.880005,482.549988,488.00,3138100
20150722,485.98999,492.50,484.899994,488.269989,3074000
20150723,491.660004,491.660004,475.700012,482.179993,7912900
20150724,578.98999,580.570007,529.349976,529.419983,21767500
20150727,527.75,544.950012,526.599976,531.409973,7478400
20150728,536.00,536.390015,523.119995,526.030029,5250800
20150729,530.919983,532.969971,525.02002,529.00,3721400
20150730,527.650024,539.200012,524.289978,536.76001,3724100
20150731,539.090027,542.840027,534.52002,536.150024,2976200
20150803,537.450012,540.440002,529.359985,535.030029,2997500
20150804,529.690002,536.950012,529.159973,531.900024,2916700
20150805,538.799988,539.140015,534.119995,537.01001,2885000
20150806,539.299988,542.73999,527.52002,529.460022,3795500
20150807,529.159973,529.460022,518.210022,522.619995,3958300
20150810,528.52002,532.280029,523.00,524.00,2598600
20150811,523.650024,528.97998,522.00,527.460022,2657900
20150812,523.75,527.50,513.059998,525.909973,3962300
20150813,527.369995,534.659973,525.48999,529.659973,2887800
20150814,528.25,534.109985,528.25,531.52002,1983200
20150817,531.289978,538.73999,527.119995,535.219971,2571200
20150818,535.039978,539.48999,533.00,535.02002,2066100
20150819,533.73999,537.25,529.00,532.919983,2313500
20150820,530.390015,533.25,515.77002,515.780029,4374900
20150821,507.359985,512.330017,494.470001,494.470001,6636400
20150824,463.579987,476.579987,451.00,463.369995,10063900
20150825,487.48999,489.440002,466.25,466.369995,5644000
20150826,484.019989,503.720001,478.76001,500.769989,6323600
20150827,513.710022,522.690002,507.26001,518.369995,6064900
20150828,517.50,521.50,513.039978,518.01001,2733800
20150831,516.440002,519.409973,509.070007,512.890015,2983000
20150901,499.140015,510.00,493.429993,496.540009,3824000
20150902,505.089996,510.859985,497.720001,510.549988,3689600
20150903,514.50,515.840027,502.570007,504.720001,3098900
20150904,497.649994,502.850006,495.640015,499.00,2690200
20150908,508.690002,518.349976,508.51001,517.539978,3810700
20150909,524.00,529.950012,515.059998,516.890015,4370700
20150910,515.150024,526.130005,514.780029,522.23999,2576000
20150911,521.070007,529.440002,520.609985,529.440002,3227900
20150914,529.440002,532.450012,518.580017,521.380005,3127100
20150915,523.25,527.919983,517.200012,522.369995,2845600
20150916,521.97998,528.299988,518.52002,527.390015,2248000
20150917,526.97998,546.969971,526.570007,538.869995,4124900
20150918,534.619995,546.23999,531.349976,540.26001,6125600
20150921,544.330017,549.780029,539.590027,548.390015,3265300
20150922,539.710022,543.549988,532.659973,538.400024,3824200
20150923,538.299988,541.210022,534.00,536.070007,2228100
20150924,530.549988,534.559998,522.869995,533.75,3481800
20150925,542.570007,542.799988,521.400024,524.25,3910300
20150928,520.02002,520.280029,494.329987,504.059998,5383200
20150929,506.00,511.480011,490.50,496.070007,4443200
20150930,505.440002,512.799988,501.670013,511.890015,3990400
20151001,511.00,520.799988,506.00,520.719971,3741100
20151002,512.98999,532.599976,508.100006,532.539978,4576600
20151005,536.98999,545.909973,536.00,543.679993,3352400
20151006,545.50,551.50,533.330017,537.47998,4502800
20151007,541.789978,542.00,529.00,541.940002,3788800
20151008,536.710022,539.390015,519.890015,533.159973,4649000
20151009,534.47998,541.789978,530.27002,539.799988,3527200
20151012,539.960022,550.820007,539.799988,550.190002,2761100
20151013,546.26001,553.200012,543.099976,548.900024,2737100
20151014,551.340027,552.25,539.679993,544.830017,3561100
20151015,547.75,563.00,547.00,562.440002,4914600
20151016,565.27002,570.940002,560.309998,570.76001,4218100
20151019,570.76001,579.00,567.380005,573.150024,4326300
20151020,572.00,573.00,555.280029,560.880005,4327900
20151021,563.869995,565.25,552.52002,555.77002,3343600
20151022,562.700012,569.150024,556.669983,563.909973,7250500
20151023,617.679993,619.450012,595.359985,599.030029,10671600
20151026,602.299988,609.849976,596.289978,608.609985,4259300
20151027,608.599976,614.710022,605.530029,611.01001,3721400
20151028,612.299988,617.22998,609.50,617.099976,3911900
20151029,617.700012,627.539978,615.390015,626.549988,3858600
20151030,626.01001,630.719971,625.280029,625.900024,3840400
20151102,627.130005,628.630005,620.409973,628.349976,2792500
20151103,629.530029,629.890015,622.00,625.309998,3242400
20151104,627.76001,645.929993,627.349976,640.950012,4831800
20151105,647.099976,657.00,643.090027,655.650024,4707400
20151106,655.00,662.26001,652.00,659.369995,4082300
20151109,658.650024,661.960022,647.849976,655.48999,4040200
20151110,651.01001,660.00,647.26001,659.679993,3464900
20151111,663.25,675.960022,663.25,673.25,5373800
20151112,673.00,675.640015,664.219971,665.599976,4246200
20151113,663.570007,667.00,640.450012,642.349976,6213900
20151116,640.919983,649.98999,622.289978,647.809998,7403500
