20140102,41.119999,41.23,40.509998,40.66,12698600
20140103,40.68,40.73,40.349998,40.459999,10403400
20140106,40.48,40.59,40.16,40.27,11036300
20140107,40.48,40.720001,40.290001,40.389999,11872300
20140108,40.439999,40.439999,39.830002,39.939999,15339600
20140109,39.950001,40.00,39.52,39.73,14070200
20140110,39.959999,40.290001,39.900002,40.130001,13290000
20140113,40.00,40.130001,39.50,39.529999,14091900
20140114,39.639999,39.919998,39.580002,39.689999,12801100
20140115,39.830002,39.939999,39.580002,39.759998,12844900
20140116,39.779999,39.82,39.580002,39.709999,11063100
20140117,39.720001,39.75,39.279999,39.279999,13992700
20140121,39.639999,39.919998,39.529999,39.919998,17579000
20140122,39.990002,40.09,39.75,39.900002,9841700
20140123,39.610001,39.639999,39.119999,39.240002,14828100
20140124,39.080002,39.25,38.82,38.84,16507500
20140127,38.82,38.98,38.709999,38.73,14601900
20140128,38.77,39.080002,38.619999,38.869999,8915500
20140129,38.57,38.57,37.82,37.900002,23776100
20140130,38.00,38.41,38.00,38.169998,13662000
20140131,37.950001,38.16,37.720001,37.82,16185000
20140203,38.02,38.02,37.099998,37.200001,23164900
20140204,37.439999,37.549999,37.209999,37.48,17759700
20140205,37.490002,37.720001,37.380001,37.610001,13665200
20140206,38.759998,38.939999,37.919998,38.029999,22661500
20140207,38.169998,38.349998,37.869999,37.950001,20389000
20140210,38.07,38.619999,37.84,38.57,20877200
20140211,38.669998,38.779999,38.509998,38.639999,15361300
20140212,38.849998,38.919998,38.400002,38.509998,10633400
20140213,38.130001,38.759998,38.130001,38.650002,10435600
20140214,38.599998,39.02,38.27,38.93,16030100
20140218,37.98,38.110001,37.259998,37.470001,46098500
20140219,37.50,37.599998,37.049999,37.099998,26645100
20140220,37.060001,37.52,36.889999,37.299999,22639900
20140221,37.59,37.619999,37.139999,37.18,19419800
20140224,37.299999,37.599998,37.220001,37.50,24223500
20140225,37.630001,37.939999,37.50,37.77,22845500
20140226,37.900002,37.939999,37.720001,37.869999,18195100
20140227,37.84,38.110001,37.799999,38.07,18423400
20140228,38.080002,38.389999,38.040001,38.200001,15763200
20140303,37.880001,38.16,37.849998,38.119999,18683400
20140304,38.34,38.389999,38.23,38.310001,20425200
20140305,38.419998,38.450001,38.25,38.349998,14367400
20140306,38.400002,38.549999,38.27,38.470001,14700000
20140307,38.560001,38.610001,38.360001,38.549999,17047600
20140310,38.549999,38.650002,38.439999,38.650002,14540800
20140311,38.84,38.84,38.540001,38.799999,13812100
20140312,38.27,38.50,38.209999,38.470001,15673700
20140313,38.450001,38.490002,37.919998,37.970001,18302800
20140314,37.950001,38.32,37.880001,38.169998,14687200
20140317,38.169998,38.369999,38.049999,38.27,19203000
20140318,38.27,38.459999,38.139999,38.400002,16880400
20140319,38.360001,38.59,38.099998,38.139999,20882200
20140320,38.110001,38.470001,37.950001,38.450001,13228000
20140321,38.779999,38.830002,38.279999,38.439999,19189100
20140324,38.48,38.529999,38.209999,38.400002,15693000
20140325,38.490002,38.799999,38.459999,38.619999,16898900
20140326,38.689999,38.939999,38.610001,38.610001,15835500
20140327,38.509998,39.00,38.48,38.82,13031500
20140328,38.889999,39.029999,38.82,38.950001,11502100
20140331,38.990002,39.029999,38.459999,38.66,24489800
20140401,38.529999,38.889999,38.310001,38.41,20515700
20140402,38.490002,38.540001,38.299999,38.330002,15709100
20140403,38.389999,38.490002,38.040001,38.07,18114000
20140404,38.240002,38.48,38.139999,38.220001,15453600
20140407,38.27,38.889999,38.259998,38.619999,17295700
20140408,38.669998,38.900002,38.48,38.900002,14769900
20140409,38.84,38.990002,38.700001,38.990002,12031400
20140410,38.98,39.400002,38.82,38.889999,21025700
20140411,38.830002,39.220001,38.57,38.630001,18084200
20140414,38.709999,38.799999,38.400002,38.73,19389800
20140415,39.830002,40.470001,39.50,40.18,47529200
20140416,40.119999,40.59,40.119999,40.59,21919900
20140417,40.43,40.720001,40.25,40.720001,18547100
20140421,40.470001,40.759998,40.349998,40.75,12630900
20140422,40.580002,40.759998,40.419998,40.709999,17404900
20140423,40.700001,40.810001,40.560001,40.73,12072500
20140424,40.700001,40.889999,40.459999,40.700001,11392600
20140425,40.459999,41.009998,40.439999,41.009998,16811400
20140428,40.82,41.279999,40.740002,41.029999,20736700
20140429,40.970001,41.029999,40.52,40.57,18928400
20140430,40.689999,40.880001,40.59,40.790001,12362000
20140501,40.790001,40.799999,40.259998,40.779999,15385800
20140502,40.790001,40.959999,40.630001,40.950001,14197000
20140505,40.650002,40.93,40.549999,40.759998,10163500
20140506,40.52,40.66,40.450001,40.490002,9359900
20140507,40.700001,40.970001,40.630001,40.91,11115600
20140508,40.849998,40.959999,40.650002,40.73,8538700
20140509,40.779999,40.950001,40.709999,40.869999,8516400
20140512,40.880001,40.970001,40.689999,40.82,8906000
20140513,40.830002,41.220001,40.82,41.110001,11579600
20140514,41.02,41.18,40.830002,40.889999,10036100
20140515,40.619999,40.959999,40.439999,40.52,12379200
20140516,40.52,40.91,40.450001,40.889999,13823900
20140519,40.599998,40.73,40.419998,40.709999,7559500
20140520,40.799999,40.93,40.57,40.580002,9639500
20140521,40.549999,40.880001,40.50,40.869999,8607300
20140522,40.77,40.84,40.529999,40.580002,8430400
20140523,40.630001,40.700001,40.529999,40.580002,6255200
20140527,40.560001,40.82,40.48,40.77,11282900
20140528,40.700001,40.889999,40.529999,40.580002,7536700
20140529,40.68,40.869999,40.599998,40.66,9867100
20140530,40.540001,40.919998,40.490002,40.91,10446100
20140602,40.75,40.889999,40.68,40.860001,7472100
20140603,40.720001,41.00,40.709999,40.880001,10493100
20140604,40.91,40.919998,40.709999,40.790001,7864700
20140605,40.73,41.00,40.630001,40.889999,10131700
20140606,40.939999,41.060001,40.84,40.990002,8760600
20140609,40.849998,41.09,40.849998,40.91,7316400
20140610,40.84,41.150002,40.810001,41.07,9168600
20140611,40.98,41.060001,40.790001,40.860001,9648600
20140612,40.41,40.68,40.369999,40.419998,11583600
20140613,40.389999,40.529999,40.25,40.369999,9194600
20140616,40.189999,40.77,40.150002,40.66,12878200
20140617,41.18,41.200001,40.610001,40.919998,26926600
20140618,40.790001,41.57,40.75,41.560001,18518200
20140619,41.540001,41.869999,41.529999,41.790001,13275200
20140620,41.869999,41.880001,41.529999,41.689999,23402600
20140623,41.459999,41.740002,41.330002,41.73,13099300
20140624,41.52,41.889999,41.470001,41.849998,14962800
20140625,41.599998,41.98,41.459999,41.959999,17621800
20140626,41.91,42.049999,41.779999,42.029999,16903300
20140627,41.990002,42.290001,41.91,42.189999,18674400
20140630,41.98,42.490002,41.82,42.360001,14068800
20140701,42.389999,42.450001,42.150002,42.290001,11497700
20140702,42.310001,42.41,42.150002,42.290001,6707000
20140703,42.259998,42.32,42.009998,42.23,7537700
20140707,41.959999,42.200001,41.93,42.139999,8991900
20140708,41.970001,42.25,41.91,41.939999,10090500
20140709,41.93,42.16,41.790001,41.950001,9891600
20140710,41.560001,42.290001,41.549999,42.259998,12564500
20140711,42.119999,42.25,41.880001,41.970001,9773000
20140714,41.990002,42.389999,41.98,42.380001,11857700
20140715,42.41,42.43,41.950001,42.099998,10541900
20140716,42.259998,42.389999,42.02,42.119999,10331400
20140717,41.93,42.150002,41.830002,42.02,9983500
20140718,42.139999,42.470001,42.02,42.43,19272400
20140721,42.119999,42.57,42.09,42.400002,17607200
20140722,41.099998,41.330002,40.610001,41.189999,24706000
20140723,40.98,41.049999,40.630001,40.810001,17531700
20140724,40.970001,41.099998,40.66,40.970001,14856000
20140725,40.919998,41.040001,40.810001,41.00,10809900
20140728,40.990002,41.00,40.610001,40.68,11709100
20140729,40.75,40.779999,40.349998,40.349998,10863600
20140730,40.450001,40.50,39.610001,39.619999,20346200
20140731,39.529999,39.73,39.25,39.290001,15434700
20140801,39.130001,39.490002,39.060001,39.290001,13566700
20140804,39.41,39.459999,39.119999,39.400002,11012900
20140805,39.34,39.529999,39.099998,39.18,11639200
20140806,39.130001,39.959999,39.130001,39.919998,17567500
20140807,39.959999,40.009998,39.330002,39.349998,14367400
20140808,39.34,39.580002,39.259998,39.450001,13667000
20140811,39.52,39.869999,39.52,39.57,14102600
20140812,39.560001,39.84,39.540001,39.68,13297500
20140813,39.700001,40.099998,39.700001,39.939999,9646500
20140814,39.93,40.189999,39.93,40.18,6902000
20140815,40.849998,41.150002,40.66,40.880001,23221600
20140818,40.790001,41.419998,40.790001,41.349998,14891500
20140819,41.349998,41.48,41.16,41.259998,10260400
20140820,41.150002,41.34,41.09,41.25,6782500
20140821,41.290001,41.689999,41.220001,41.41,11951000
20140822,41.290001,41.52,41.049999,41.119999,11244600
20140825,41.32,41.450001,41.119999,41.41,10229300
20140826,41.41,41.700001,41.41,41.599998,8416500
20140827,41.529999,41.709999,41.439999,41.599998,7693100
20140828,41.509998,41.700001,41.439999,41.630001,9746400
20140829,41.599998,41.75,41.470001,41.720001,7666700
20140902,41.52,41.84,41.310001,41.639999,9798100
20140903,41.689999,41.849998,41.66,41.779999,8635400
20140904,41.799999,42.169998,41.73,41.869999,16785300
20140905,41.860001,41.860001,41.610001,41.84,12768100
20140908,41.669998,41.939999,41.630001,41.779999,9097700
20140909,41.77,42.029999,41.75,41.939999,11892500
20140910,41.900002,42.189999,41.830002,42.169998,17558000
20140911,41.68,42.060001,41.66,41.950001,19614000
20140912,41.900002,41.919998,41.360001,41.459999,12979900
20140915,41.450001,41.580002,41.330002,41.50,12259600
20140916,41.290001,41.799999,41.18,41.639999,15232800
20140917,41.77,41.779999,41.32,41.610001,16693800
20140918,41.75,41.880001,41.549999,41.790001,12586400
20140919,41.98,42.349998,41.75,42.049999,47559700
20140922,41.849998,42.25,41.73,42.220001,11518100
20140923,42.00,42.16,41.880001,41.889999,10251300
20140924,41.849998,42.34,41.849998,42.27,13540900
20140925,42.060001,42.169998,41.77,41.779999,11076300
20140926,42.00,42.25,41.709999,42.200001,9939600
20140929,41.900002,42.259998,41.880001,42.25,12441100
20140930,42.099998,42.810001,42.080002,42.66,22613700
20141001,42.549999,42.849998,42.369999,42.740002,30409700
20141002,42.599998,42.779999,42.419998,42.66,16643200
20141003,42.860001,43.07,42.66,43.00,14046300
20141006,43.029999,43.68,42.970001,43.599998,20328100
20141007,43.48,44.139999,43.48,43.919998,24936600
20141008,43.580002,44.560001,43.509998,44.549999,26115600
20141009,44.439999,44.75,43.869999,43.869999,25029300
20141010,43.880001,44.869999,43.849998,44.470001,25920800
20141013,44.279999,44.630001,44.029999,44.07,20175200
20141014,44.040001,44.119999,43.470001,43.639999,21027400
20141015,42.700001,43.529999,42.700001,43.23,22988600
20141016,42.650002,42.939999,42.380001,42.560001,22519200
20141017,42.689999,43.029999,42.310001,42.880001,23236000
20141020,42.75,43.470001,42.709999,43.290001,17647800
20141021,40.799999,41.189999,40.259998,40.68,55953500
20141022,40.189999,41.110001,40.099998,40.619999,27728200
20141023,40.939999,41.380001,40.740002,40.860001,23346800
20141024,40.98,41.27,40.919998,41.029999,13396000
20141027,40.700001,40.91,40.560001,40.759998,17222500
20141028,40.759998,40.860001,40.509998,40.560001,18658700
20141029,40.650002,41.029999,40.52,40.959999,25761800
20141030,41.00,41.59,40.830002,41.400002,18295600
20141031,41.830002,41.889999,41.400002,41.880001,18477700
20141103,41.790001,42.279999,41.59,41.810001,13230600
20141104,41.77,42.049999,41.66,41.82,10105300
20141105,42.299999,42.540001,41.990002,42.310001,20676800
20141106,42.43,42.619999,42.110001,42.290001,11528800
20141107,42.450001,42.459999,42.139999,42.32,11803800
20141110,42.25,42.57,42.09,42.389999,9088900
20141111,42.380001,42.709999,42.360001,42.509998,8563700
20141112,42.509998,42.889999,42.310001,42.709999,12767900
20141113,42.650002,43.080002,42.630001,42.790001,12006900
20141114,42.700001,42.970001,42.50,42.73,10939500
20141117,42.75,42.990002,42.73,42.919998,10664000
20141118,42.950001,43.860001,42.75,43.529999,26143000
20141119,43.669998,44.43,43.560001,44.220001,25400600
20141120,43.959999,44.419998,43.849998,44.25,13465200
20141121,44.580002,44.740002,44.279999,44.50,14382600
20141124,44.509998,44.779999,44.200001,44.27,12890800
20141125,44.27,44.59,44.119999,44.43,10741700
20141126,43.990002,44.369999,43.970001,44.290001,9199200
20141128,44.150002,45.00,44.150002,44.830002,10502000
20141201,44.18,44.77,44.130001,44.549999,10065700
20141202,44.369999,44.669998,44.23,44.540001,9862400
20141203,44.419998,44.439999,43.759998,43.799999,15246500
20141204,43.619999,43.84,43.369999,43.50,13779700
20141205,43.50,43.610001,43.200001,43.529999,12536900
20141208,43.509998,43.630001,43.09,43.139999,12802300
20141209,42.150002,42.529999,41.669998,42.040001,25714600
20141210,42.040001,42.240002,41.560001,41.599998,18324100
20141211,41.619999,42.009998,41.50,41.529999,16201500
20141212,41.389999,41.610001,40.869999,40.91,18432400
20141215,41.130001,41.18,40.560001,40.57,23378500
20141216,40.200001,41.310001,39.799999,40.389999,23475400
20141217,40.439999,41.759998,40.380001,41.549999,20223900
20141218,41.860001,42.389999,41.75,42.389999,18030700
20141219,42.439999,42.790001,41.889999,41.950001,24009500
20141222,42.139999,42.439999,42.09,42.349998,11190900
20141223,42.540001,43.139999,42.470001,42.970001,13411300
20141224,43.099998,43.23,42.919998,42.939999,6405900
20141226,42.970001,43.299999,42.93,42.959999,6466900
20141229,42.799999,43.060001,42.490002,42.860001,8694500
20141230,42.740002,42.990002,42.650002,42.759998,9222000
20141231,42.919998,42.939999,42.220001,42.220001,9369500
20150102,42.259998,42.400002,41.799999,42.139999,9921100
20150105,42.689999,42.970001,42.080002,42.139999,26292600
20150106,42.41,42.939999,42.240002,42.459999,16897500
20150107,42.799999,43.110001,42.580002,42.990002,13412300
20150108,43.18,43.57,43.099998,43.509998,21743600
20150109,43.470001,43.560001,42.950001,43.029999,12733500
20150112,43.07,43.200001,42.459999,42.639999,11415800
20150113,42.830002,43.240002,42.450001,42.630001,12529500
20150114,42.080002,42.599998,42.07,42.560001,13447600
20150115,42.560001,42.860001,42.169998,42.380001,11193100
20150116,42.360001,42.59,42.240002,42.529999,15114900
20150120,42.700001,43.330002,42.610001,43.16,17047300
20150121,42.889999,43.43,42.759998,43.360001,10720600
20150122,43.369999,43.830002,43.07,43.779999,14709100
20150123,43.599998,43.75,43.18,43.310001,12357700
20150126,43.18,43.23,42.830002,43.00,11151900
20150127,42.540001,42.639999,42.150002,42.389999,15274000
20150128,42.59,42.799999,41.900002,41.919998,14278500
20150129,41.77,42.150002,41.470001,42.099998,13657900
20150130,41.830002,41.93,41.110001,41.169998,19193700
20150202,41.209999,41.630001,40.900002,41.59,15197500
20150203,41.75,41.849998,41.369999,41.630001,13193100
20150204,41.77,42.09,41.619999,41.68,16400000
20150205,41.799999,41.82,41.509998,41.790001,11078500
20150206,41.630001,41.759998,41.32,41.450001,12108900
20150209,41.380001,41.450001,41.040001,41.23,13371100
20150210,42.91,43.029999,42.200001,42.400002,32184200
20150211,42.099998,42.490002,41.700001,42.369999,20496300
20150212,42.400002,42.66,42.07,42.169998,13818200
20150213,42.02,42.23,41.759998,41.990002,10792100
20150217,41.810001,41.880001,41.639999,41.810001,12804200
20150218,41.75,41.799999,41.470001,41.73,9789800
20150219,41.68,42.240002,41.529999,42.110001,16578300
20150220,42.040001,42.110001,41.639999,41.970001,15982400
20150223,41.709999,42.169998,41.689999,41.849998,11830300
20150224,41.849998,42.330002,41.77,42.130001,12782700
20150225,42.169998,42.240002,41.740002,42.049999,10323300
20150226,42.040001,42.549999,41.970001,42.459999,14346500
20150227,42.52,43.66,42.470001,43.299999,28312800
20150302,43.299999,43.299999,43.080002,43.200001,13514600
20150303,43.110001,43.16,42.84,42.950001,10036300
20150304,42.919998,42.98,42.470001,42.50,16263000
20150305,42.560001,42.610001,42.25,42.400002,9223000
20150306,42.119999,42.200001,41.330002,41.52,18180500
20150309,41.529999,41.549999,41.32,41.389999,10123300
20150310,41.099998,41.150002,40.68,40.689999,14599100
20150311,40.73,40.73,40.080002,40.099998,18549700
20150312,40.099998,40.57,40.02,40.57,17728700
20150313,40.439999,40.57,39.610001,39.91,17438400
20150316,40.00,40.349998,39.990002,40.290001,15238800
20150317,40.669998,40.73,40.32,40.509998,21661800
20150318,40.48,40.790001,39.799999,40.599998,26247500
20150319,40.48,40.52,39.959999,40.02,16057600
20150320,40.07,40.66,40.009998,40.650002,31608500
20150323,40.639999,40.939999,40.50,40.619999,17060500
20150324,40.91,40.990002,40.470001,40.470001,13485700
20150325,40.59,40.700001,40.240002,40.450001,22811300
20150326,40.34,40.560001,40.23,40.349998,17359600
20150327,40.48,40.48,39.970001,40.080002,14384400
20150330,40.110001,40.610001,39.939999,40.509998,12561400
20150331,40.509998,40.900002,40.349998,40.549999,16604800
20150401,40.790001,40.810001,40.23,40.68,14300700
20150402,40.73,40.869999,40.48,40.68,14343100
20150406,40.77,41.610001,40.59,41.169998,19843400
20150407,41.049999,41.369999,40.970001,41.009998,9773400
20150408,40.98,41.09,40.740002,40.889999,8954700
20150409,40.799999,41.080002,40.630001,41.049999,12710900
20150410,41.09,41.16,40.849998,40.880001,8720000
20150413,40.970001,40.970001,40.700001,40.700001,9616300
20150414,40.59,40.650002,40.32,40.509998,11209700
20150415,40.59,40.810001,40.32,40.400002,11189100
20150416,40.41,40.860001,40.299999,40.599998,13121000
20150417,40.470001,40.66,40.099998,40.299999,15330300
20150420,40.419998,40.900002,40.41,40.66,13023700
20150421,40.669998,40.990002,40.540001,40.779999,19673100
20150422,41.560001,41.57,41.07,41.310001,26887200
20150423,41.23,41.41,40.919998,40.950001,17408800
20150424,41.040001,41.119999,40.810001,40.889999,11623300
20150427,41.00,41.150002,40.779999,40.830002,10044600
20150428,40.950001,40.970001,40.599998,40.77,12174800
20150429,40.66,40.75,40.400002,40.490002,11371400
20150430,40.400002,40.580002,40.279999,40.560001,12700800
20150501,40.580002,40.93,40.50,40.91,10848300
20150504,40.880001,41.099998,40.77,40.959999,10204800
20150505,41.139999,41.139999,40.68,40.75,11721300
20150506,41.040001,41.09,40.389999,40.66,11906900
20150507,40.529999,40.91,40.509998,40.700001,13834700
20150508,41.00,41.169998,40.849998,40.98,11144400
20150511,40.98,41.389999,40.880001,40.939999,10113500
20150512,40.77,40.959999,40.52,40.689999,12384500
20150513,40.75,41.360001,40.720001,41.049999,13183700
20150514,41.299999,41.599998,41.259998,41.50,9961000
20150515,41.450001,41.689999,41.43,41.52,8479000
20150518,41.490002,41.490002,41.25,41.32,11511700
20150519,41.23,41.389999,41.130001,41.310001,9072000
20150520,41.369999,41.59,41.310001,41.349998,10965200
20150521,41.259998,41.32,41.07,41.23,9270900
20150522,41.119999,41.240002,41.040001,41.209999,11909500
20150526,41.119999,41.18,40.740002,40.990002,15194300
20150527,40.939999,41.200001,40.830002,41.119999,9863100
20150528,41.200001,41.299999,40.880001,41.139999,9395200
20150529,41.18,41.18,40.77,40.959999,19628600
20150601,41.360001,41.41,40.880001,40.939999,12684100
20150602,40.84,41.16,40.68,40.990002,11878600
20150603,41.099998,41.209999,40.779999,40.869999,8153800
20150604,40.709999,40.98,40.529999,40.59,10145800
20150605,40.48,40.52,40.080002,40.099998,15975600
20150608,40.099998,40.259998,40.02,40.16,14339300
20150609,40.169998,40.419998,40.110001,40.200001,10772700
20150610,40.32,40.540001,40.279999,40.330002,11979900
20150611,40.110001,40.25,40.029999,40.099998,11944900
20150612,40.040001,40.119999,39.84,39.959999,15568600
20150615,39.830002,39.860001,39.57,39.59,11364800
20150616,39.630001,40.16,39.599998,40.080002,12517400
20150617,40.080002,40.32,40.009998,40.27,13898400
20150618,40.16,40.740002,40.16,40.650002,16314600
20150619,40.59,40.650002,40.400002,40.400002,23550600
20150622,40.509998,40.810001,40.459999,40.48,8775900
20150623,40.43,40.52,40.310001,40.380001,11094900
20150624,40.369999,40.450001,40.189999,40.189999,10385100
20150625,40.279999,40.34,40.02,40.02,10607600
20150626,40.099998,40.349998,40.00,40.00,16215600
20150629,39.799999,39.98,39.400002,39.400002,15500800
20150630,39.610001,39.610001,39.119999,39.23,14621300
20150701,39.380001,39.599998,39.279999,39.50,11177400
20150702,39.630001,39.810001,39.349998,39.490002,8975900
20150706,39.32,39.599998,39.220001,39.419998,10252600
20150707,39.490002,40.380001,39.400002,40.25,20335000
20150708,39.990002,40.23,39.84,39.860001,11383700
20150709,40.459999,40.580002,39.900002,39.919998,13392000
20150710,40.27,40.52,40.16,40.389999,13360400
20150713,40.560001,40.77,40.490002,40.66,9854200
20150714,40.900002,41.259998,40.84,41.169998,19531000
20150715,41.150002,41.360001,41.099998,41.130001,11252100
20150716,41.419998,41.599998,41.349998,41.48,10483700
20150717,41.310001,41.32,41.049999,41.25,9608300
20150720,41.349998,41.540001,41.220001,41.380001,10024200
20150721,41.380001,41.52,41.099998,41.189999,13653800
20150722,40.810001,41.59,40.59,40.900002,15528600
20150723,40.990002,41.02,40.48,40.84,13522200
20150724,40.759998,40.830002,40.41,40.439999,10912500
20150727,40.279999,40.580002,40.16,40.540001,10945700
20150728,40.650002,40.73,40.439999,40.549999,11021800
20150729,40.529999,40.709999,40.490002,40.59,8479900
20150730,40.549999,40.75,40.389999,40.560001,9095500
20150731,40.880001,41.220001,40.77,41.080002,15309500
20150803,40.849998,41.549999,40.84,41.540001,14672600
20150804,41.509998,41.869999,41.34,41.849998,17559900
20150805,41.919998,42.220001,41.82,42.119999,15329200
20150806,42.00,42.25,41.860001,41.919998,11378900
20150807,41.810001,41.970001,41.529999,41.77,10886700
20150810,41.889999,41.990002,41.580002,41.68,9501900
20150811,41.400002,41.57,41.169998,41.48,11254900
20150812,41.130001,41.259998,40.849998,41.259998,9602200
20150813,41.279999,41.380001,41.009998,41.099998,10270900
20150814,41.009998,41.25,40.959999,41.25,9904800
20150817,41.029999,41.450001,40.970001,41.349998,8272800
20150818,41.279999,41.529999,41.189999,41.299999,11199400
20150819,41.139999,41.240002,40.779999,40.779999,15796500
20150820,40.52,40.82,40.419998,40.549999,14218000
20150821,40.16,40.470001,39.509998,39.529999,28036200
20150824,37.990002,38.939999,36.560001,38.380001,44065300
20150825,39.130001,39.279999,37.93,37.990002,31363700
20150826,38.75,38.830002,37.889999,38.73,23523300
20150827,39.060001,39.380001,38.599998,39.27,18871600
20150828,39.110001,39.470001,39.049999,39.450001,14503900
20150831,39.150002,39.450001,39.060001,39.32,12673300
20150901,38.669998,39.029999,38.540001,38.75,23703200
20150902,39.029999,39.07,38.560001,38.900002,14054800
20150903,38.900002,39.34,38.84,39.16,13311600
20150904,38.68,38.790001,38.380001,38.52,15450500
20150908,38.869999,39.029999,38.599998,38.900002,15273900
20150909,39.119999,39.209999,38.200001,38.299999,13764600
20150910,38.310001,38.650002,38.25,38.419998,14952500
20150911,38.009998,38.189999,37.84,38.130001,11802300
20150914,38.220001,38.220001,37.849998,38.099998,8950000
20150915,38.07,38.630001,37.919998,38.50,13019800
20150916,38.669998,39.189999,38.470001,39.150002,22233400
20150917,39.150002,39.610001,39.040001,39.380001,21232500
20150918,38.860001,39.299999,38.709999,38.98,27527300
20150921,39.049999,39.310001,38.939999,39.189999,12935800
20150922,38.68,38.990002,38.580002,38.790001,15021300
20150923,38.790001,38.880001,38.549999,38.759998,8910800
20150924,38.52,39.200001,38.509998,39.150002,19385700
20150925,39.43,40.080002,39.330002,39.619999,22157300
20150928,39.52,39.82,39.330002,39.529999,19302600
20150929,39.52,39.709999,39.330002,39.66,14113000
20150930,39.880001,40.23,39.799999,40.119999,19504100
20151001,40.220001,40.470001,39.599998,39.799999,19545400
20151002,39.560001,40.389999,39.360001,40.389999,15222900
20151005,40.450001,41.049999,40.43,41.009998,15374100
20151006,41.040001,41.34,40.93,40.959999,14416200
20151007,41.139999,41.610001,41.099998,41.52,14329700
20151008,41.259998,41.990002,41.259998,41.98,11906600
20151009,41.82,42.119999,41.779999,42.02,13857900
20151012,41.830002,42.290001,41.810001,42.00,11506000
20151013,41.799999,41.91,41.540001,41.650002,12759000
20151014,41.560001,41.959999,41.560001,41.68,13750800
20151015,41.869999,42.029999,41.599998,41.919998,11400300
20151016,42.16,42.209999,41.880001,42.02,20294700
20151019,41.900002,42.060001,41.799999,41.990002,15510800
20151020,42.00,42.400002,42.00,42.290001,16120100
20151021,41.939999,42.52,41.709999,42.189999,19254900
20151022,42.439999,43.849998,42.41,43.240002,35864000
20151023,43.310001,43.310001,42.75,42.790001,18732200
20151026,42.759998,42.889999,42.459999,42.59,14749300
20151027,42.50,42.77,42.48,42.610001,30158000
20151028,42.75,42.84,42.209999,42.73,13641400
20151029,42.66,42.900002,42.34,42.790001,9323800
20151030,42.799999,42.860001,42.349998,42.349998,15114400
20151102,42.32,42.360001,41.900002,42.240002,16191500
20151103,42.18,42.32,41.810001,42.16,9674900
20151104,42.27,42.389999,41.889999,41.970001,10362700
20151105,42.00,42.349998,41.98,42.330002,9555600
20151106,41.970001,42.220001,41.610001,41.959999,11884500
20151109,41.700001,41.790001,41.34,41.540001,10693900
20151110,41.439999,41.810001,41.43,41.77,8247400
20151111,41.939999,42.200001,41.919998,42.040001,9072600
20151112,42.009998,42.049999,41.57,41.580002,10461000
20151113,41.459999,41.779999,41.360001,41.380001,11173500
20151116,41.43,42.00,41.389999,41.959999,10882100
