20140106,000000,409.9000000,410.0000000,397.0700000,398.1900000,21830
20140108,000000,401.2000000,403.0000000,397.0200000,402.4200000,37150
20140109,000000,400.0000000,405.3700000,397.8900000,405.0000000,25180
20140110,000000,405.0000000,414.8600000,401.0000000,410.0000000,41080
20140113,000000,410.0900000,410.3000000,405.0000000,410.0000000,31090
20140114,000000,408.5000000,414.0000000,405.0200000,410.9000000,41010
20140115,000000,413.9900000,414.0000000,404.7100000,406.9000000,57200
20140116,000000,408.0000000,408.9900000,397.6000000,398.3500000,33030
20140117,000000,399.8700000,399.8800000,393.5500000,394.4500000,58790
20140120,000000,391.5000000,397.8200000,388.5100000,390.3400000,32580
20140121,000000,393.4100000,394.9800000,376.0000000,378.0500000,57560
20140122,000000,381.8400000,381.8400000,355.5000000,357.7800000,165140
20140123,000000,356.7800000,363.7800000,355.5100000,357.0600000,69290
20140124,000000,360.0000000,365.0000000,353.5100000,355.0500000,70910
20140127,000000,354.0000000,354.0000000,347.0700000,350.8000000,141250
20140128,000000,352.4800000,357.5400000,330.0400000,333.0300000,186220
20140129,000000,335.1000000,345.0000000,328.7000000,332.0000000,338160
20140130,000000,335.5000000,335.9900000,325.2600000,335.0000000,149770
20140131,000000,332.5100000,338.3900000,327.0100000,331.8300000,149400
20140203,000000,332.5000000,332.5000000,324.0400000,329.6000000,33420
20140204,000000,326.2900000,333.6000000,322.5200000,332.0100000,52670
20140205,000000,330.0100000,339.0000000,330.0100000,337.9000000,425880
20140206,000000,340.0000000,345.0100000,337.0000000,342.9900000,277430
20140207,000000,344.0000000,344.5500000,335.5000000,337.4400000,21690
20140210,000000,337.2100000,342.4600000,335.0100000,339.0200000,20240
20140211,000000,340.9900000,340.9900000,331.2700000,333.0100000,23880
20140212,000000,335.0000000,335.5000000,329.9000000,332.0000000,43790
20140213,000000,332.0500000,332.0500000,325.0000000,327.7500000,175560
20140214,000000,329.5100000,332.0000000,327.5000000,329.9900000,29790
20140217,000000,332.0000000,336.9800000,330.5900000,335.0000000,111330
20140218,000000,333.0100000,336.6000000,333.0000000,334.0000000,45360
20140219,000000,334.8700000,334.9000000,323.3200000,328.2000000,699570
20140220,000000,324.9900000,327.8900000,324.0000000,325.0200000,61000
20140221,000000,327.9900000,327.9900000,324.2400000,325.0000000,19850
20140224,000000,324.0200000,324.4900000,320.0000000,320.2000000,12830
20140225,000000,321.0100000,324.9000000,315.0200000,316.0000000,56050
20140226,000000,318.6000000,319.4800000,315.0000000,316.0700000,47180
20140227,000000,316.5300000,317.1600000,298.5300000,305.1000000,100170
20140228,000000,302.1900000,302.7800000,283.0300000,299.0100000,194150
20140303,000000,270.1500000,275.0000000,240.0000000,242.0200000,334060
20140304,000000,248.0000000,257.0000000,245.0000000,255.4800000,254470
20140305,000000,258.9800000,264.0000000,253.0100000,258.5700000,39660
20140306,000000,261.0000000,264.4000000,250.0200000,252.6000000,46130
20140307,000000,258.9900000,258.9900000,244.0300000,247.8800000,77300
20140311,000000,246.0000000,249.4700000,235.0100000,236.3800000,216000
20140312,000000,235.0000000,236.0000000,218.0100000,223.0200000,185570
20140313,000000,229.0200000,229.0200000,210.5000000,215.9900000,77930
20140314,000000,210.5300000,210.5300000,185.0000000,208.9000000,351560
20140317,000000,210.0000000,219.0000000,210.0000000,217.0000000,181350
20140318,000000,221.9800000,247.3000000,217.0100000,240.0100000,167570
20140319,000000,242.6200000,256.2900000,241.0000000,251.9100000,100140
20140320,000000,243.0100000,254.0000000,243.0000000,250.3000000,47570
20140321,000000,245.0000000,251.7000000,236.0000000,249.0300000,48240
20140324,000000,250.4000000,254.8300000,248.9700000,251.8400000,19710
20140325,000000,254.0000000,264.0100000,251.0200000,260.0000000,51120
20140326,000000,259.5000000,274.5200000,259.5000000,273.9900000,89570
20140327,000000,277.9700000,280.9800000,274.2000000,278.5900000,29140
20140328,000000,279.7600000,279.7700000,276.6000000,277.0000000,15370
20140331,000000,277.1000000,280.0000000,268.0000000,268.0000000,63430
20140401,000000,272.9500000,283.1100000,270.0100000,275.0100000,74510
20140402,000000,275.0300000,287.0000000,275.0300000,287.0000000,176700
20140403,000000,283.0000000,302.9800000,283.0000000,291.9900000,110650
20140404,000000,291.5000000,294.5000000,289.3900000,294.0000000,22550
20140407,000000,293.0000000,293.3000000,265.0100000,272.4900000,105330
20140408,000000,273.0000000,274.9900000,268.1500000,273.9900000,32440
20140409,000000,276.7300000,310.5000000,272.9500000,310.5000000,371640
20140410,000000,310.5000000,343.9400000,310.5000000,333.2000000,357530
20140411,000000,329.0000000,356.2800000,310.0300000,339.8400000,294420
20140414,000000,334.9400000,339.7700000,315.0300000,319.0000000,262720
20140415,000000,321.3800000,325.9900000,312.0400000,314.5000000,164840
20140416,000000,314.0000000,329.8700000,310.5100000,328.2100000,111790
20140417,000000,329.7500000,338.0000000,329.2500000,337.5000000,80270
20140418,000000,348.0000000,349.0000000,340.0000000,343.4900000,37870
20140421,000000,344.0800000,344.0800000,336.6200000,339.0000000,27190
20140422,000000,338.0000000,338.0000000,326.2500000,326.2500000,40660
20140423,000000,326.0000000,328.0000000,321.5400000,323.0000000,17200
20140424,000000,324.3300000,326.5000000,307.2200000,312.0000000,133340
20140425,000000,310.9900000,310.9900000,279.9900000,298.0000000,196260
20140428,000000,290.1200000,305.0000000,283.7500000,300.5000000,166660
20140429,000000,304.8300000,319.7500000,300.0000000,300.0000000,79410
20140430,000000,301.8800000,301.8800000,288.7900000,297.1100000,92670
20140502,000000,292.0100000,292.0500000,285.2000000,286.9900000,24830
20140505,000000,285.2000000,291.5000000,285.2000000,291.4900000,25540
20140506,000000,294.0000000,302.4900000,293.0100000,299.7000000,54950
20140507,000000,301.0000000,305.0200000,294.1700000,305.0000000,146350
20140508,000000,305.9900000,305.9900000,293.0500000,298.4900000,37680
20140512,000000,299.0000000,305.0000000,295.2100000,299.5000000,20740
20140513,000000,300.0000000,314.0000000,300.0000000,308.0100000,92220
20140514,000000,310.0000000,310.9700000,305.0000000,310.0000000,20250
20140515,000000,307.5400000,321.0000000,300.9900000,318.6100000,100020
20140516,000000,316.0100000,323.0000000,316.0000000,320.0000000,99390
20140519,000000,323.0000000,328.9900000,320.0700000,328.9400000,94430
20140520,000000,329.9500000,334.3000000,324.0300000,327.0000000,63850
20140521,000000,330.0000000,339.0300000,328.2500000,336.8800000,125100
20140522,000000,336.0000000,344.9300000,335.0000000,342.4000000,211140
20140523,000000,341.5000000,348.6800000,340.6100000,345.0000000,106800
20140526,000000,348.6600000,352.0000000,344.1400000,351.9900000,61770
20140527,000000,352.0000000,355.0000000,343.0500000,348.9000000,244550
20140528,000000,346.0300000,358.0000000,346.0000000,354.9500000,49940
20140529,000000,355.0000000,370.0000000,355.0000000,369.9900000,234560
20140530,000000,371.0000000,379.0000000,365.0200000,379.0000000,58430
20140602,000000,379.0000000,393.0200000,374.1800000,390.0000000,158510
20140603,000000,383.2000000,393.9900000,373.0000000,375.1100000,118020
20140604,000000,375.1100000,383.0000000,369.1500000,371.1600000,95570
20140605,000000,372.9900000,374.3800000,365.8100000,371.0100000,59290
20140606,000000,369.7200000,371.8900000,362.9300000,367.0000000,55310
20140609,000000,370.0000000,374.0000000,367.0400000,367.0400000,66660
20140610,000000,366.3200000,374.8900000,361.0000000,372.0100000,47240
20140611,000000,366.5700000,383.9900000,366.5700000,379.0000000,75050
20140616,000000,373.0100000,400.0000000,371.0100000,394.9000000,197590
20140617,000000,391.0700000,410.0000000,391.0500000,400.0000000,134930
20140618,000000,405.5300000,406.9500000,397.3800000,403.8000000,61090
20140619,000000,405.5700000,415.0000000,405.5700000,409.1000000,93140
20140620,000000,410.0000000,412.0600000,399.5700000,400.0000000,65060
20140623,000000,404.5600000,404.5600000,397.0000000,399.1000000,42590
20140624,000000,400.9800000,401.9800000,397.0300000,398.7300000,36090
20140625,000000,397.9900000,402.0900000,392.5200000,400.0100000,59600
20140626,000000,401.0000000,402.8900000,397.3700000,401.0000000,20450
20140627,000000,401.0000000,412.0000000,398.0500000,410.0000000,46460
20140630,000000,410.0100000,410.0100000,402.5000000,404.0600000,22750
20140701,000000,402.9900000,404.0300000,399.8800000,402.0000000,52480
20140702,000000,405.0200000,407.9900000,401.2500000,406.0000000,89970
20140703,000000,404.0200000,419.7500000,404.0200000,415.3000000,45290
20140704,000000,415.1300000,420.0000000,406.1400000,406.5900000,21190
20140707,000000,407.7000000,420.0000000,403.7900000,419.5600000,54220
20140708,000000,418.5800000,435.0000000,416.6100000,426.9900000,56590
20140709,000000,427.8600000,430.0000000,411.0100000,425.9400000,18560
20140710,000000,425.9900000,439.0000000,409.0200000,415.4300000,87200
20140711,000000,412.0100000,421.8000000,412.0100000,418.0000000,27380
20140714,000000,418.6000000,429.0000000,417.4300000,422.0000000,54440
20140715,000000,424.9900000,424.9900000,418.2300000,418.9700000,24450
20140716,000000,419.9900000,422.0000000,417.6000000,419.0000000,68210
20140717,000000,418.0000000,423.0000000,410.0200000,416.0200000,44780
20140718,000000,419.8500000,419.8500000,385.0000000,406.0500000,68190
20140721,000000,406.1500000,406.1500000,395.0000000,399.9000000,31460
20140722,000000,407.4800000,411.0000000,401.3100000,409.9900000,18190
20140723,000000,405.3300000,419.9900000,405.3300000,408.9500000,17900
20140724,000000,408.0100000,412.4900000,402.2000000,409.0600000,6450
20140725,000000,406.0100000,406.6500000,396.6900000,402.0900000,17810
20140728,000000,401.8400000,402.0000000,390.1000000,393.0600000,108060
20140729,000000,396.0400000,412.0000000,391.1300000,408.9600000,98290
20140730,000000,408.9500000,420.0000000,408.9500000,416.0000000,46660
20140731,000000,415.0000000,425.7100000,408.2600000,409.0100000,35940
20140801,000000,408.3000000,408.8000000,402.2000000,407.0500000,11790
20140804,000000,408.8800000,417.9900000,406.0500000,415.1400000,31170
20140805,000000,412.0100000,413.3100000,405.6200000,410.0000000,41800
20140806,000000,409.2500000,411.1000000,400.1400000,403.0300000,53730
20140807,000000,400.0000000,402.9700000,377.5000000,395.8300000,215760
20140808,000000,396.9900000,412.0000000,393.0500000,407.5000000,28390
20140811,000000,415.0000000,416.4800000,409.0600000,411.1000000,23660
20140812,000000,418.0000000,419.9000000,401.8000000,404.9900000,9020
20140813,000000,403.0300000,411.0000000,401.1400000,410.0000000,32680
20140814,000000,409.0300000,424.9500000,406.6700000,416.1500000,170940
20140815,000000,416.5700000,424.5000000,411.0500000,417.0000000,28230
20140818,000000,422.0000000,425.4900000,418.1200000,423.7100000,33070
20140819,000000,424.5000000,429.0000000,423.5100000,424.2400000,22200
20140820,000000,425.3400000,434.2400000,425.3000000,428.0000000,38360
20140821,000000,432.9900000,433.0000000,420.0000000,425.8500000,79200
20140822,000000,424.1000000,426.0000000,412.0000000,419.6500000,39300
20140825,000000,424.1000000,424.1000000,414.0100000,415.6400000,31120
20140826,000000,417.0000000,417.9400000,412.0000000,416.8600000,23230
20140827,000000,416.0000000,421.0000000,411.0000000,416.5000000,41570
20140828,000000,415.3200000,419.2700000,408.0000000,412.4400000,93180
20140829,000000,415.5100000,430.5000000,405.0700000,430.5000000,167740
20140901,000000,431.0300000,439.6600000,415.2300000,419.6400000,30020
20140902,000000,418.0500000,419.5700000,408.1000000,416.9500000,44650
20140903,000000,417.0000000,429.3000000,416.9900000,423.0000000,112920
20140904,000000,421.0000000,425.9600000,415.2700000,420.0000000,29380
20140905,000000,423.2400000,425.0000000,418.0000000,419.0000000,72170
20140908,000000,417.9800000,420.0000000,413.1000000,415.0000000,21330
20140909,000000,417.8600000,419.9900000,414.8200000,416.0100000,24150
20140910,000000,419.4200000,424.6700000,404.0000000,410.2100000,77600
20140911,000000,409.0000000,417.9600000,409.0000000,414.2400000,31860
20140912,000000,410.1000000,443.0000000,410.1000000,430.0000000,121620
20140915,000000,429.9900000,437.8700000,419.1900000,426.2100000,84280
20140916,000000,435.4500000,448.0000000,426.0000000,433.6600000,90090
20140917,000000,438.9900000,438.9900000,420.8200000,423.0000000,56670
20140918,000000,431.9900000,431.9900000,422.4100000,426.2500000,19260
20140919,000000,422.1700000,429.9600000,416.0000000,420.0000000,38190
20140922,000000,423.0200000,423.0300000,416.5000000,417.0000000,23240
20140923,000000,416.4900000,423.9100000,416.2800000,418.0300000,44600
20140924,000000,425.6000000,425.6000000,418.0300000,422.6800000,24570
20140925,000000,422.0200000,424.0500000,419.0100000,420.1700000,57040
20140926,000000,422.9800000,422.9900000,418.8800000,419.0000000,13960
20140929,000000,423.6900000,424.5000000,421.0000000,424.2100000,87790
20140930,000000,419.1300000,450.0000000,414.0000000,415.9900000,74380
20141001,000000,414.1000000,424.8000000,411.1000000,417.9000000,107790
20141002,000000,417.6000000,419.6000000,410.0000000,418.1000000,55020
20141003,000000,420.9000000,420.9000000,415.9000000,418.9000000,17530
20141006,000000,419.0000000,419.9000000,292.9000000,417.8000000,70890
20141007,000000,418.5000000,418.9000000,412.1000000,418.6000000,43560
20141008,000000,418.9000000,420.9000000,412.5000000,414.0000000,63940
20141009,000000,414.3000000,418.1000000,412.6000000,413.0000000,55220
20141010,000000,413.7000000,418.9000000,411.1000000,413.0000000,97080
20141013,000000,417.4000000,419.4000000,414.2000000,414.3000000,29050
20141014,000000,416.7000000,416.7000000,407.0000000,412.5000000,94050
20141015,000000,411.8000000,414.9000000,408.5000000,413.5000000,17670
20141016,000000,414.2000000,414.2000000,404.7000000,407.0000000,24160
20141017,000000,408.3000000,413.6000000,407.2000000,413.0000000,35870
20141020,000000,415.0000000,415.0000000,392.1000000,407.6000000,21280
20141021,000000,402.4000000,406.6000000,390.8000000,398.7000000,36250
20141022,000000,398.9000000,405.9000000,373.0000000,373.0000000,46640
20141023,000000,376.2000000,383.9000000,370.1000000,382.9000000,34660
20141024,000000,375.7000000,394.0000000,375.2000000,393.0000000,23410
20141027,000000,399.5000000,400.0000000,388.6000000,392.0000000,14280
20141028,000000,392.0000000,404.3000000,388.0000000,400.2000000,23170
20141029,000000,400.2000000,412.8000000,400.2000000,409.1000000,26770
20141030,000000,414.9000000,414.9000000,402.6000000,410.3000000,31490
20141031,000000,410.3000000,415.0000000,406.6000000,411.6000000,80410
20141103,000000,410.3000000,418.0000000,407.9000000,412.3000000,16590
20141105,000000,410.3000000,420.0000000,410.3000000,413.9000000,25770
20141106,000000,413.9000000,417.9000000,409.0000000,413.6000000,24380
20141107,000000,411.1000000,419.4000000,402.0000000,405.0000000,39230
20141110,000000,404.3000000,414.8000000,404.3000000,412.7000000,42110
20141111,000000,411.9000000,422.4000000,408.1000000,415.0000000,68380
20141112,000000,421.3000000,421.4000000,411.0000000,414.2000000,27730
20141113,000000,411.4000000,424.0000000,411.4000000,415.3000000,105720
20141114,000000,412.4000000,418.9000000,412.1000000,416.1000000,20100
20141117,000000,416.3000000,424.9000000,410.0000000,424.9000000,35120
20141118,000000,420.7000000,425.0000000,417.2000000,424.9000000,25360
20141119,000000,423.2000000,425.0000000,413.3000000,422.8000000,36760
20141120,000000,416.7000000,425.0000000,403.5000000,409.5000000,91210
20141121,000000,401.0000000,414.4000000,401.0000000,406.8000000,162710
20141124,000000,406.9000000,434.5000000,406.9000000,416.2000000,55160
20141125,000000,417.1000000,436.5000000,416.1000000,430.0000000,292740
20141126,000000,436.0000000,440.0000000,427.0000000,433.4000000,37870
20141127,000000,436.2000000,440.0000000,421.8000000,421.9000000,57070
20141128,000000,421.0000000,440.0000000,418.0000000,440.0000000,95820
20141201,000000,437.6000000,450.0000000,429.7000000,432.9000000,92340
20141202,000000,438.7000000,439.8000000,422.9000000,435.9000000,73480
20141203,000000,436.7000000,436.9000000,412.5000000,434.3000000,60960
20141204,000000,435.1000000,437.9000000,428.6000000,430.1000000,64160
20141205,000000,431.0000000,431.0000000,421.0000000,430.0000000,51640
20141208,000000,430.9000000,443.9000000,420.1000000,420.1000000,76150
20141209,000000,419.3000000,424.7000000,412.5000000,416.0000000,34040
20141210,000000,415.7000000,424.0000000,413.5000000,417.0000000,27750
20141211,000000,419.4000000,419.8000000,396.5000000,413.0000000,68870
20141212,000000,413.7000000,417.5000000,393.7000000,401.8000000,38950
20141215,000000,401.9000000,408.3000000,371.0000000,376.1000000,57990
20141216,000000,377.0000000,380.1000000,297.0000000,347.1000000,522950
20141217,000000,350.0000000,350.0000000,319.9000000,332.0000000,213860
20141218,000000,340.0000000,411.0000000,321.2000000,393.0000000,246130
20141219,000000,386.6000000,404.9000000,374.2000000,381.0000000,115280
20141222,000000,383.0000000,390.0000000,363.0000000,369.6000000,58700
20141223,000000,369.0000000,379.0000000,364.1000000,374.9000000,47710
20141224,000000,400.0000000,400.0000000,350.3000000,362.5000000,75880
20141225,000000,366.8000000,370.1000000,356.8000000,369.7000000,11890
20141226,000000,371.9000000,384.9000000,350.1000000,364.8000000,7310
20141229,000000,362.3000000,378.7000000,361.1000000,371.6000000,33950
20141230,000000,363.1000000,369.9000000,350.5000000,359.7000000,20230
