20140106,000000,2017.9000000,2023.0000000,1990.2000000,1990.2000000,795577
20140108,000000,1994.5000000,1994.5000000,1953.4000000,1959.1000000,664794
20140109,000000,1961.1000000,1979.9000000,1952.3000000,1979.1000000,1207032
20140110,000000,1975.0000000,1998.0000000,1965.4000000,1991.6000000,1081065
20140113,000000,1986.3000000,2016.5000000,1981.0000000,2001.1000000,1092407
20140114,000000,1987.7000000,1993.7000000,1965.3000000,1980.0000000,1232510
20140115,000000,1986.0000000,2000.2000000,1981.0000000,1999.9000000,1096345
20140116,000000,1998.1000000,1998.6000000,1976.5000000,1979.6000000,921555
20140117,000000,1979.0000000,2001.0000000,1972.6000000,1978.4000000,917708
20140120,000000,1980.0000000,1999.0000000,1970.7000000,1998.5000000,760396
20140121,000000,2000.9000000,2007.6000000,1996.0000000,2000.5000000,863095
20140122,000000,2000.2000000,2005.5000000,1990.5000000,2001.4000000,1064471
20140123,000000,1999.8000000,2015.9000000,1976.4000000,1978.1000000,1112754
20140124,000000,1970.0000000,1979.3000000,1954.0000000,1956.9000000,2463981
20140127,000000,1950.0000000,1982.3000000,1946.0000000,1961.9000000,1853324
20140128,000000,1961.2000000,1988.0000000,1957.0000000,1973.3000000,1378117
20140129,000000,1984.0000000,2001.7000000,1951.0000000,1960.0000000,1963314
20140130,000000,1965.7000000,2001.0000000,1962.3000000,1997.9000000,2087114
20140131,000000,1997.4000000,2009.0000000,1981.0000000,1989.0000000,1447593
20140203,000000,1994.0000000,2007.5000000,1966.4000000,1966.8000000,1151780
20140204,000000,1962.0000000,1983.5000000,1957.2000000,1970.1000000,1064398
20140205,000000,1972.1000000,1979.7000000,1960.5000000,1965.0000000,1007766
20140206,000000,1972.0000000,1974.9000000,1960.7000000,1969.1000000,972604
20140207,000000,1977.9000000,1992.4000000,1966.5000000,1975.1000000,1143351
20140210,000000,1977.8000000,1997.1000000,1973.4000000,1988.1000000,730291
20140211,000000,1990.2000000,2018.3000000,1981.4000000,2015.5000000,1134267
20140212,000000,2024.2000000,2038.0000000,2013.6000000,2028.2000000,718658
20140213,000000,2021.8000000,2032.5000000,2014.0000000,2023.0000000,1171825
20140214,000000,2031.0000000,2043.7000000,2021.1000000,2039.3000000,1330806
20140217,000000,2039.9000000,2067.6000000,2039.9000000,2049.0000000,980329
20140218,000000,2050.0000000,2063.4000000,2030.4000000,2040.7000000,1307105
20140219,000000,2039.0000000,2052.7000000,1997.7000000,2029.1000000,2916889
20140220,000000,2017.0000000,2043.8000000,2001.1000000,2042.0000000,1882714
20140221,000000,2046.0000000,2055.0000000,2030.0000000,2030.9000000,726129
20140224,000000,2030.6000000,2037.8000000,2015.6000000,2030.3000000,450101
20140225,000000,2032.1000000,2036.9000000,2000.2000000,2010.9000000,789819
20140226,000000,2012.8000000,2023.5000000,2000.0000000,2009.0000000,903821
20140227,000000,2010.0000000,2020.0000000,1962.9000000,2002.0000000,1343580
20140228,000000,1999.0000000,2025.9000000,1963.0000000,1963.0000000,2877667
20140303,000000,1932.0000000,1939.9000000,1715.0000000,1817.2000000,5305872
20140304,000000,1840.0000000,1933.2000000,1836.4000000,1899.7000000,3779345
20140305,000000,1911.0000000,1939.9000000,1871.0000000,1920.0000000,2086298
20140306,000000,1922.0000000,1939.8000000,1826.2000000,1890.0000000,3268756
20140307,000000,1885.0000000,1970.3000000,1871.0000000,1959.5000000,2366320
20140311,000000,1949.0000000,1968.9000000,1934.0000000,1938.4000000,1733760
20140312,000000,1922.2000000,1934.0000000,1881.5000000,1888.5000000,2437820
20140313,000000,1910.0000000,1918.9000000,1831.0000000,1842.0000000,2196881
20140314,000000,1819.9000000,1882.4000000,1762.6000000,1882.0000000,3731843
20140317,000000,1885.9000000,1929.0000000,1843.0000000,1897.1000000,4800577
20140318,000000,1900.0000000,1919.5000000,1853.0000000,1914.7000000,2267943
20140319,000000,1911.0000000,1936.9000000,1872.3000000,1886.0000000,1741514
20140320,000000,1872.1000000,1902.4000000,1862.6000000,1892.0000000,1228082
20140321,000000,1849.4000000,1925.4000000,1821.0000000,1910.0000000,2730999
20140324,000000,1905.0000000,1945.0000000,1863.8000000,1869.4000000,1349016
20140325,000000,1875.1000000,1904.9000000,1853.6000000,1879.5000000,1476517
20140326,000000,1885.0000000,1935.0000000,1881.1000000,1920.0000000,1346885
20140327,000000,1914.0000000,1919.0000000,1881.4000000,1909.0000000,1018719
20140328,000000,1917.7000000,1928.4000000,1900.4000000,1906.0000000,1145971
20140331,000000,1919.4000000,1961.9000000,1900.0000000,1960.0000000,1275926
20140401,000000,1955.1000000,1973.5000000,1943.3000000,1965.6000000,1362536
20140402,000000,1959.9000000,1969.9000000,1923.9000000,1954.0000000,991073
20140403,000000,1956.0000000,1964.9000000,1940.2000000,1954.0000000,812683
20140404,000000,1958.4000000,1982.0000000,1938.0000000,1966.0000000,1020965
20140407,000000,1949.1000000,1954.8000000,1901.1000000,1920.0000000,1676570
20140408,000000,1917.5000000,1937.7000000,1894.6000000,1920.0000000,1648302
20140409,000000,1923.7000000,1926.4000000,1888.8000000,1900.0000000,1384651
20140410,000000,1906.5000000,1915.2000000,1890.1000000,1914.3000000,1666819
20140411,000000,1898.1000000,1922.9000000,1883.2000000,1898.1000000,1271484
20140414,000000,1894.5000000,1902.7000000,1873.3000000,1880.0000000,1281127
20140415,000000,1878.5000000,1885.3000000,1843.3000000,1850.0000000,1020268
20140416,000000,1856.3000000,1876.7000000,1833.0000000,1865.0000000,1361268
20140417,000000,1873.0000000,1883.0000000,1841.0000000,1872.0000000,882890
20140418,000000,1900.0000000,1923.0000000,1895.0000000,1899.9000000,809051
20140421,000000,1904.7000000,1923.0000000,1881.0000000,1889.0000000,766604
20140422,000000,1890.0000000,1890.5000000,1862.6000000,1873.4000000,878872
20140423,000000,1875.2000000,1882.9000000,1863.3000000,1880.1000000,691980
20140424,000000,1884.7000000,1895.5000000,1842.3000000,1856.7000000,1449787
20140425,000000,1851.1000000,1866.5000000,1828.2000000,1838.0000000,1478511
20140428,000000,1830.0000000,1876.0000000,1815.6000000,1865.0000000,1183095
20140429,000000,1884.7000000,1899.9000000,1871.0000000,1889.3000000,1066021
20140430,000000,1895.0000000,1895.0000000,1860.5000000,1880.1000000,730245
20140502,000000,1864.5000000,1889.9000000,1862.5000000,1884.1000000,454010
20140505,000000,1874.0000000,1884.0000000,1850.5000000,1866.0000000,554975
20140506,000000,1870.1000000,1898.0000000,1860.3000000,1878.9000000,929839
20140507,000000,1870.0000000,1938.0000000,1869.0000000,1919.0000000,1618108
20140508,000000,1920.0000000,1956.4000000,1909.3000000,1942.8000000,1220532
20140512,000000,1944.7000000,1967.0000000,1923.1000000,1950.0000000,1002957
20140513,000000,1954.5000000,1964.5000000,1921.7000000,1931.3000000,962693
20140514,000000,1931.5000000,1931.6000000,1908.5000000,1910.9000000,1339594
20140515,000000,1912.8000000,1929.5000000,1889.0000000,1890.0000000,1219550
20140516,000000,1894.8000000,1919.0000000,1881.0000000,1919.0000000,965614
20140519,000000,1919.0000000,1954.8000000,1914.6000000,1938.0000000,1368732
20140520,000000,1938.9000000,1979.0000000,1938.0000000,1979.0000000,1474536
20140521,000000,1989.1000000,2005.3000000,1962.0000000,1995.0000000,1503362
20140522,000000,1995.7000000,1999.7000000,1953.0000000,1965.2000000,1048120
20140523,000000,1967.0000000,1975.0000000,1947.7000000,1957.0000000,844813
20140526,000000,1961.0000000,1984.2000000,1958.5000000,1972.0000000,486394
20140527,000000,1972.0000000,1972.0000000,1922.3000000,1930.3000000,1420563
20140528,000000,1938.3000000,1949.4000000,1923.0000000,1944.9000000,759578
20140529,000000,1947.2000000,1977.9000000,1943.1000000,1977.7000000,1115154
20140530,000000,1978.0000000,1989.9000000,1965.5000000,1968.0000000,1351881
20140602,000000,1978.0000000,2041.7000000,1977.1000000,2037.0000000,1273192
20140603,000000,2025.1000000,2052.0000000,2020.0000000,2050.0000000,1118169
20140604,000000,2040.0000000,2058.5000000,2039.2000000,2047.0000000,869270
20140605,000000,2045.1000000,2059.9000000,2028.7000000,2035.0000000,844557
20140606,000000,2039.7000000,2045.5000000,2015.3000000,2030.6000000,1126901
20140609,000000,2031.0000000,2045.0000000,2018.0000000,2025.0000000,716156
20140610,000000,2028.6000000,2069.5000000,2017.6000000,2061.4000000,968179
20140611,000000,2058.9000000,2097.9000000,2053.3000000,2097.9000000,1127166
20140616,000000,2092.0000000,2153.3000000,2067.3000000,2149.0000000,3720613
20140617,000000,2148.0000000,2163.8000000,2122.5000000,2130.0000000,1493124
20140618,000000,2135.0000000,2152.3000000,2121.8000000,2126.9000000,1129592
20140619,000000,2141.0000000,2147.9000000,2112.0000000,2112.1000000,1139869
20140620,000000,2118.0000000,2127.3000000,2086.1000000,2100.0000000,1067281
20140623,000000,2105.0000000,2113.4000000,2073.5000000,2082.6000000,1144984
20140624,000000,2085.0000000,2105.0000000,2078.0000000,2099.1000000,1140054
20140625,000000,2088.0000000,2103.9000000,2035.1000000,2037.4000000,1262857
20140626,000000,2047.9000000,2061.4000000,2021.6000000,2028.6000000,1666519
20140627,000000,2031.0000000,2036.5000000,2007.0000000,2021.0000000,760298
20140630,000000,2022.0000000,2036.0000000,2012.0000000,2036.0000000,720824
20140701,000000,2035.1000000,2065.4000000,2022.3000000,2063.9000000,986864
20140702,000000,2062.3000000,2110.3000000,2060.9000000,2110.0000000,1034470
20140703,000000,2106.0000000,2114.3000000,2086.0000000,2089.9000000,643943
20140704,000000,2090.7000000,2100.9000000,2048.2000000,2062.9000000,808844
20140707,000000,2062.0000000,2126.0000000,2055.9000000,2113.0000000,1080390
20140708,000000,2113.8000000,2143.0000000,2113.8000000,2122.9000000,1080501
20140709,000000,2120.9000000,2120.9000000,2075.2000000,2104.9000000,927441
20140710,000000,2104.5000000,2115.4000000,2065.0000000,2093.2000000,1196249
20140711,000000,2095.7000000,2113.9000000,2082.1000000,2105.0000000,1292420
20140714,000000,2055.0000000,2073.1000000,2015.3000000,2016.5000000,1446104
20140715,000000,2017.5000000,2043.0000000,2006.0000000,2018.0000000,1297983
20140716,000000,2018.0000000,2054.9000000,2009.7000000,2050.8000000,1341273
20140717,000000,2030.0000000,2045.0000000,1975.4000000,2004.8000000,2069524
20140718,000000,1972.0000000,1996.0000000,1963.0000000,1990.0000000,1674618
20140721,000000,1989.8000000,1991.5000000,1936.2000000,1940.0000000,1234319
20140722,000000,1951.6000000,1978.8000000,1951.0000000,1970.0000000,1393390
20140723,000000,1970.0000000,1988.7000000,1964.6000000,1980.5000000,883190
20140724,000000,1970.0000000,2005.0000000,1968.4000000,2005.0000000,995998
20140725,000000,1998.5000000,2004.0000000,1970.1000000,1976.7000000,1056355
20140728,000000,1968.8000000,1979.7000000,1948.0000000,1957.0000000,842884
20140729,000000,1963.0000000,1985.0000000,1951.5000000,1975.0000000,844087
20140730,000000,1965.0000000,2040.0000000,1962.2000000,2005.3000000,1591561
20140731,000000,2009.0000000,2025.0000000,1990.5000000,2000.9000000,1052992
20140801,000000,1995.0000000,2004.3000000,1973.5000000,1995.3000000,741553
20140804,000000,2002.0000000,2009.9000000,1966.0000000,1984.9000000,734839
20140805,000000,1985.5000000,1986.9000000,1957.0000000,1957.0000000,708035
20140806,000000,1956.9000000,1983.9000000,1926.7000000,1929.8000000,1208346
20140807,000000,1921.0000000,1949.0000000,1911.5000000,1932.7000000,970519
20140808,000000,1935.0000000,1974.0000000,1924.9000000,1928.3000000,1281580
20140811,000000,1961.0000000,1963.0000000,1941.1000000,1947.1000000,997011
20140812,000000,1953.0000000,1973.7000000,1944.2000000,1953.7000000,853460
20140813,000000,1957.7000000,1988.2000000,1957.6000000,1974.9000000,1085481
20140814,000000,1975.0000000,2002.1000000,1966.5000000,1991.0000000,1014153
20140815,000000,1992.6000000,2026.2000000,1988.0000000,2011.1000000,1019060
20140818,000000,2013.4000000,2043.0000000,2009.1000000,2043.0000000,352115
20140819,000000,2044.0000000,2076.7000000,2043.1000000,2063.9000000,792093
20140820,000000,2063.9000000,2086.5000000,2053.0000000,2085.0000000,968083
20140821,000000,2081.3000000,2108.7000000,2080.0000000,2100.6000000,791644
20140822,000000,2100.0000000,2100.5000000,2058.3000000,2085.0000000,689042
20140825,000000,2075.5000000,2092.0000000,2075.0000000,2088.0000000,292224
20140826,000000,2086.0000000,2096.8000000,2062.4000000,2068.0000000,653345
20140827,000000,2074.4000000,2107.1000000,2067.4000000,2096.5000000,586500
20140828,000000,2090.1000000,2096.1000000,2062.9000000,2083.0000000,1194045
20140829,000000,2080.0000000,2094.2000000,2054.9000000,2055.0000000,1009473
20140901,000000,2052.0000000,2097.3000000,2033.8000000,2034.9000000,1048060
20140902,000000,2032.6000000,2050.9000000,2024.0000000,2042.1000000,670151
20140903,000000,2042.1000000,2127.0000000,2041.1000000,2115.0000000,1961986
20140904,000000,2119.0000000,2134.9000000,2106.5000000,2131.5000000,992935
20140905,000000,2119.1000000,2169.4000000,2114.1000000,2163.0000000,955217
20140908,000000,2160.0000000,2179.0000000,2146.0000000,2153.3000000,1072844
20140909,000000,2152.9000000,2172.0000000,2150.7000000,2163.6000000,558623
20140910,000000,2156.3000000,2169.0000000,2151.2000000,2163.0000000,602012
20140911,000000,2165.6000000,2174.6000000,2148.7000000,2149.2000000,890280
20140912,000000,2153.8000000,2194.7000000,2143.2000000,2163.1000000,1150291
20140915,000000,2159.0000000,2183.0000000,2154.0000000,2174.9000000,1789958
20140916,000000,2168.0000000,2199.0000000,2166.2000000,2185.0000000,1004213
20140917,000000,2185.0000000,2197.7000000,2130.0000000,2141.5000000,1360201
20140918,000000,2142.6000000,2155.0000000,2117.4000000,2130.0000000,778822
20140919,000000,2130.0000000,2130.8000000,2065.0000000,2071.0000000,1895074
20140922,000000,2067.6000000,2090.0000000,2047.7000000,2050.0000000,833665
20140923,000000,2056.7000000,2068.6000000,2030.1000000,2049.6000000,1516461
20140924,000000,2053.5000000,2072.6000000,2046.6000000,2059.1000000,1010822
20140925,000000,2065.4000000,2087.8000000,2043.5000000,2043.5000000,1242645
20140926,000000,2040.0000000,2074.8000000,2033.7000000,2064.9000000,989984
20140929,000000,2066.7000000,2085.0000000,2004.0000000,2007.9000000,1206867
20140930,000000,2017.4000000,2049.1000000,1999.3000000,2015.0000000,1218495
20141001,000000,2009.0000000,2028.3000000,1990.0000000,1993.5000000,1069780
20141002,000000,1987.1000000,2003.7000000,1960.5000000,1964.0000000,1443996
20141003,000000,1975.0000000,2010.0000000,1972.4000000,1990.0000000,1007287
20141006,000000,2001.0000000,2052.0000000,2001.0000000,2042.0000000,851899
20141007,000000,2040.3000000,2045.0000000,2004.4000000,2007.6000000,804118
20141008,000000,1994.5000000,2009.5000000,1976.0000000,1976.0000000,1341147
20141009,000000,1999.0000000,2024.0000000,1971.1000000,1980.0000000,1266199
20141010,000000,1965.0000000,1971.7000000,1921.0000000,1925.1000000,1489461
20141013,000000,1916.0000000,1995.0000000,1913.0000000,1978.0000000,1289862
20141014,000000,1982.8000000,2040.2000000,1978.4000000,2005.4000000,1597721
20141015,000000,2003.6000000,2009.0000000,1970.4000000,1980.0000000,1346961
20141016,000000,1981.9000000,2005.0000000,1945.7000000,1955.0000000,1503614
20141017,000000,1971.8000000,2003.0000000,1965.6000000,1986.6000000,1224992
20141020,000000,1992.0000000,2003.0000000,1972.0000000,1978.0000000,1138813
20141021,000000,1972.0000000,1998.3000000,1958.0000000,1990.0000000,1274841
20141022,000000,1995.0000000,2009.0000000,1958.5000000,1964.9000000,1706084
20141023,000000,1961.0000000,1968.3000000,1916.7000000,1932.3000000,1601823
20141024,000000,1926.4000000,1957.5000000,1917.8000000,1948.5000000,932269
20141027,000000,1961.0000000,2003.8000000,1960.7000000,1991.9000000,1384704
20141028,000000,1997.1000000,2034.6000000,1995.9000000,2014.0000000,1200099
20141029,000000,2021.0000000,2042.5000000,1993.0000000,2042.5000000,1668592
20141030,000000,2034.0000000,2069.9000000,2011.0000000,2055.0000000,2035218
20141031,000000,2062.0000000,2120.0000000,2051.0000000,2120.0000000,2829432
20141103,000000,2113.4000000,2124.7000000,2100.2000000,2117.0000000,649108
20141105,000000,2102.3000000,2133.5000000,2072.2000000,2127.7000000,1820388
20141106,000000,2123.0000000,2169.0000000,2123.0000000,2132.7000000,1685051
20141107,000000,2139.0000000,2178.0000000,2120.0000000,2126.5000000,2796410
20141110,000000,2140.0000000,2160.0000000,2122.0000000,2139.9000000,1755055
20141111,000000,2139.9000000,2163.7000000,2125.1000000,2125.1000000,930269
20141112,000000,2127.7000000,2149.6000000,2113.2000000,2126.0000000,1075492
20141113,000000,2134.9000000,2147.9000000,2078.2000000,2083.6000000,1211374
20141114,000000,2075.0000000,2099.0000000,2065.0000000,2084.0000000,1280568
20141117,000000,2081.2000000,2102.7000000,2071.4000000,2085.0000000,753044
20141118,000000,2091.1000000,2144.7000000,2065.1000000,2132.3000000,1633046
20141119,000000,2134.1000000,2180.0000000,2128.1000000,2180.0000000,1086131
20141120,000000,2180.1000000,2233.8000000,2180.0000000,2230.0000000,1269751
20141121,000000,2236.5000000,2291.0000000,2205.2000000,2280.4000000,1519535
20141124,000000,2283.9000000,2293.9000000,2245.2000000,2261.3000000,932402
20141125,000000,2259.0000000,2281.5000000,2232.9000000,2259.1000000,985428
20141126,000000,2252.0000000,2280.0000000,2245.2000000,2280.0000000,1240300
20141127,000000,2273.6000000,2331.6000000,2260.0000000,2295.0000000,1885541
20141128,000000,2284.0000000,2324.7000000,2270.6000000,2291.7000000,1884102
20141201,000000,2280.0000000,2462.0000000,2278.1000000,2418.1000000,2773907
20141202,000000,2425.6000000,2467.7000000,2373.8000000,2449.9000000,1924537
20141203,000000,2454.3000000,2578.5000000,2434.0000000,2573.0000000,2223310
20141204,000000,2550.0000000,2593.8000000,2477.0000000,2490.1000000,2552625
20141205,000000,2489.0000000,2518.9000000,2391.1000000,2391.1000000,1573449
20141208,000000,2391.0000000,2439.0000000,2340.0000000,2355.0000000,1761694
20141209,000000,2348.0000000,2373.5000000,2315.5000000,2318.0000000,1287522
20141210,000000,2324.9000000,2365.0000000,2292.4000000,2296.0000000,1161586
20141211,000000,2299.6000000,2309.0000000,2202.5000000,2223.4000000,1950770
20141212,000000,2217.1000000,2319.0000000,2146.6000000,2292.3000000,2541593
20141215,000000,2256.0000000,2366.8000000,2173.3000000,2264.0000000,2857225
20141216,000000,2243.0000000,2479.7000000,2053.6000000,2359.0000000,3188558
20141217,000000,2364.0000000,2480.0000000,2211.0000000,2263.0000000,2945156
20141218,000000,2303.0000000,2474.1000000,2239.0000000,2370.0000000,2522352
20141219,000000,2368.0000000,2385.0000000,2229.0000000,2300.0000000,1275518
20141222,000000,2311.0000000,2419.4000000,2280.5000000,2363.5000000,1573749
20141223,000000,2369.0000000,2456.9000000,2231.0000000,2260.0000000,1327396
20141224,000000,2251.0000000,2270.0000000,2214.3000000,2236.0000000,691513
20141225,000000,2180.0000000,2210.0000000,2145.0000000,2205.7000000,566703
20141226,000000,2214.8000000,2284.0000000,2202.3000000,2264.0000000,524889
20141229,000000,2260.0000000,2460.0000000,2236.1000000,2298.9000000,1151324
20141230,000000,2286.0000000,2296.1000000,2183.6000000,2225.0000000,852067
