20140106,000000,9230.2000000,9230.2000000,8940.0000000,8956.9000000,109003
20140108,000000,9018.9000000,9155.0000000,8930.1000000,9154.9000000,63794
20140109,000000,9140.0000000,9151.8000000,8971.4000000,8990.5000000,72354
20140110,000000,8990.1000000,9023.6000000,8380.1000000,8450.1000000,359672
20140113,000000,8497.7000000,8550.0000000,8050.0000000,8258.5000000,438238
20140114,000000,8200.0000000,8500.0000000,8073.0000000,8414.0000000,283378
20140115,000000,8465.0000000,9020.0000000,8432.1000000,8902.9000000,496478
20140116,000000,8893.0000000,9139.7000000,8883.0000000,9025.5000000,336623
20140117,000000,9000.0000000,9093.8000000,8825.0000000,8975.5000000,236919
20140120,000000,8928.7000000,8995.5000000,8651.1000000,8714.0000000,146457
20140121,000000,8728.9000000,8807.7000000,8352.2000000,8413.2000000,251057
20140122,000000,8399.0000000,8420.0000000,8032.8000000,8250.0000000,402276
20140123,000000,8249.4000000,8470.0000000,8120.0000000,8283.0000000,346851
20140124,000000,8227.2000000,8350.0000000,8102.2000000,8266.1000000,229326
20140127,000000,8140.1000000,8600.0000000,8000.0000000,8249.9000000,420849
20140128,000000,8208.0000000,8468.9000000,8157.0000000,8232.1000000,352171
20140129,000000,8299.0000000,8485.9000000,8150.0000000,8290.0000000,414011
20140130,000000,8256.0000000,8327.1000000,7862.0000000,8116.3000000,608569
20140131,000000,8150.0000000,8432.9000000,8040.0000000,8395.0000000,662021
20140203,000000,8448.9000000,8663.8000000,8390.0000000,8554.1000000,250973
20140204,000000,8486.3000000,8582.1000000,8351.0000000,8412.5000000,176444
20140205,000000,8435.0000000,8591.0000000,8370.4000000,8540.2000000,131346
20140206,000000,8555.0000000,8646.0000000,8471.1000000,8540.0000000,145173
20140207,000000,8543.3000000,8614.5000000,8395.5000000,8455.0000000,136080
20140210,000000,8435.0000000,8511.0000000,8201.7000000,8280.0000000,204518
20140211,000000,8295.0000000,8349.5000000,8184.0000000,8249.9000000,173842
20140212,000000,8270.0000000,8410.0000000,8237.0000000,8409.9000000,131073
20140213,000000,8408.0000000,8579.8000000,8390.0000000,8435.0000000,222279
20140214,000000,8456.0000000,8555.0000000,8361.2000000,8554.1000000,148734
20140217,000000,8551.1000000,8629.9000000,8475.0000000,8617.2000000,182696
20140218,000000,8600.0000000,8689.0000000,8545.0000000,8584.0000000,100360
20140219,000000,8580.0000000,8770.0000000,8571.0000000,8735.0000000,151649
20140220,000000,8681.1000000,8737.0000000,8523.0000000,8719.9000000,158585
20140221,000000,8739.0000000,8789.0000000,8722.2000000,8730.0000000,110354
20140224,000000,8710.1000000,8785.1000000,8668.1000000,8743.2000000,82599
20140225,000000,8796.0000000,8885.0000000,8720.0000000,8755.7000000,109562
20140226,000000,8770.0000000,8842.1000000,8767.0000000,8810.0000000,101852
20140227,000000,8810.0000000,8858.9000000,8420.1000000,8732.0000000,276630
20140228,000000,8749.3000000,8820.0000000,8250.1000000,8760.0000000,193013
20140303,000000,8499.9000000,8500.0000000,7432.9000000,7748.6000000,545246
20140304,000000,7836.7000000,8631.0000000,7803.2000000,8553.4000000,694906
20140305,000000,8552.5000000,8586.9000000,8311.0000000,8450.0000000,232027
20140306,000000,8398.0000000,8519.0000000,7775.3000000,8149.0000000,455369
20140307,000000,8066.8000000,8150.0000000,7870.0000000,7880.0000000,282898
20140311,000000,7799.9000000,7800.0000000,7430.0000000,7645.4000000,293259
20140312,000000,7599.9000000,7764.3000000,7451.6000000,7715.0000000,245055
20140313,000000,7749.8000000,7827.3000000,7600.1000000,7630.0000000,343763
20140314,000000,7502.3000000,7624.5000000,6667.3000000,7420.0000000,846466
20140317,000000,7490.1000000,7948.5000000,7412.1000000,7883.7000000,869673
20140318,000000,7949.0000000,8197.9000000,7771.3000000,8082.2000000,388211
20140319,000000,8082.2000000,8254.9000000,7843.9000000,7900.0000000,282183
20140320,000000,7727.1000000,7992.6000000,7681.6000000,7970.3000000,182136
20140321,000000,7861.5000000,7861.5000000,7570.0000000,7684.0000000,380111
20140324,000000,7720.3000000,7975.5000000,7611.1000000,7660.1000000,134664
20140325,000000,7670.3000000,7900.0000000,7525.0000000,7791.0000000,178977
20140326,000000,7848.8000000,8025.0000000,7700.3000000,7976.0000000,192157
20140327,000000,7915.0000000,8000.0000000,7663.0000000,7818.9000000,222809
20140328,000000,7868.1000000,7949.9000000,7803.4000000,7836.6000000,127760
20140331,000000,7879.9000000,8100.0000000,7811.6000000,8100.0000000,132971
20140401,000000,8120.3000000,8315.9000000,8026.4000000,8300.0000000,251924
20140402,000000,8310.1000000,8435.0000000,8232.3000000,8400.0000000,151116
20140403,000000,8418.9000000,8562.8000000,8275.0000000,8400.0000000,164547
20140404,000000,8425.4000000,8514.0000000,8358.0000000,8430.0000000,110492
20140407,000000,8340.2000000,8361.2000000,8105.0000000,8270.0000000,253607
20140408,000000,8260.0000000,8268.8000000,8020.0000000,8242.4000000,171364
20140409,000000,8170.0000000,8221.8000000,7930.1000000,7980.0000000,256438
20140410,000000,8050.0000000,8099.9000000,7824.0000000,7830.0000000,237181
20140411,000000,7785.0000000,7865.0000000,7700.0000000,7820.0000000,148673
20140414,000000,7780.0000000,7799.9000000,7625.0000000,7700.0000000,153006
20140415,000000,7690.5000000,7784.0000000,7552.2000000,7620.0000000,122407
20140416,000000,7638.0000000,7738.0000000,7501.2000000,7663.5000000,148695
20140417,000000,7681.0000000,7796.0000000,7591.0000000,7750.0000000,133560
20140418,000000,7939.9000000,7939.9000000,7770.0000000,7800.0000000,121878
20140421,000000,7820.1000000,7836.1000000,7725.0000000,7754.8000000,73431
20140422,000000,7775.5000000,7775.9000000,7523.2000000,7680.0000000,189363
20140423,000000,7680.4000000,7694.0000000,7426.6000000,7520.0000000,168866
20140424,000000,7508.3000000,7535.0000000,7015.3000000,7149.0000000,252478
20140425,000000,7090.0000000,7090.0000000,6817.1000000,6850.0000000,188932
20140428,000000,6839.9000000,6839.9000000,6565.3000000,6670.0000000,253825
20140429,000000,6766.9000000,6880.7000000,6631.1000000,6770.0000000,147594
20140430,000000,6761.1000000,7081.0000000,6738.5000000,7066.8000000,300697
20140502,000000,7045.0000000,7279.0000000,6903.0000000,7250.0000000,153314
20140505,000000,7200.9000000,7215.0000000,7103.0000000,7200.0000000,88954
20140506,000000,7215.0000000,7361.7000000,7210.1000000,7340.0000000,162516
20140507,000000,7330.2000000,7646.6000000,7292.1000000,7520.0000000,216355
20140508,000000,7529.0000000,7750.0000000,7440.1000000,7750.0000000,309447
20140512,000000,7720.5000000,7799.6000000,7559.5000000,7720.0000000,159313
20140513,000000,7720.0000000,7977.9000000,7714.4000000,7900.0000000,282695
20140514,000000,7914.0000000,7957.5000000,7842.3000000,7900.0000000,103326
20140515,000000,7880.9000000,7950.0000000,7751.0000000,7822.0000000,143722
20140516,000000,7822.0000000,7900.0000000,7652.2000000,7880.0000000,116066
20140519,000000,7880.0000000,8044.7000000,7845.0000000,7990.0000000,166960
20140520,000000,8009.8000000,8222.0000000,7986.8000000,8200.0000000,270237
20140521,000000,8219.8000000,8270.0000000,8038.3000000,8230.0000000,221196
20140522,000000,8230.0000000,8250.0000000,8106.1000000,8250.0000000,93935
20140523,000000,8212.0000000,8340.0000000,8162.6000000,8340.0000000,146896
20140526,000000,8340.0000000,8390.1000000,8282.0000000,8360.0000000,134232
20140527,000000,8340.1000000,8379.0000000,8200.0000000,8379.0000000,140561
20140528,000000,8331.0000000,8610.0000000,8305.0000000,8610.0000000,136729
20140529,000000,8600.0000000,8996.6000000,8586.7000000,8950.0000000,197320
20140530,000000,8969.9000000,9039.6000000,8730.0000000,8810.0000000,121114
20140602,000000,8799.9000000,8978.0000000,8799.9000000,8880.0000000,165099
20140603,000000,8840.0000000,8930.0000000,8763.1000000,8930.0000000,128268
20140604,000000,8899.0000000,8970.0000000,8711.0000000,8970.0000000,99632
20140605,000000,8946.0000000,9009.8000000,8882.2000000,8928.8000000,130492
20140606,000000,8925.9000000,9031.9000000,8784.2000000,8980.0000000,166548
20140609,000000,8999.7000000,9029.9000000,8905.4000000,8949.0000000,68447
20140610,000000,8923.3000000,9100.0000000,8845.0000000,9100.0000000,120241
20140611,000000,9076.8000000,9158.7000000,9019.9000000,9070.0000000,109046
20140616,000000,9018.0000000,9019.0000000,8800.1000000,8899.0000000,414698
20140617,000000,8881.8000000,8891.6000000,8712.3000000,8799.0000000,144954
20140618,000000,8801.0000000,8912.0000000,8771.0000000,8912.0000000,93146
20140619,000000,8937.0000000,8989.0000000,8850.0000000,8890.0000000,82601
20140620,000000,8851.0000000,8917.6000000,8731.2000000,8815.0000000,103040
20140623,000000,8844.8000000,8884.9000000,8755.0000000,8869.7000000,104377
20140624,000000,8884.9000000,9118.0000000,8851.1000000,9118.0000000,139289
20140625,000000,9088.0000000,9088.0000000,8912.0000000,8940.0000000,91424
20140626,000000,8952.0000000,8952.0000000,8805.0000000,8898.0000000,86248
20140627,000000,8881.2000000,8898.7000000,8755.0000000,8820.0000000,73396
20140630,000000,8820.0000000,8927.0000000,8735.5000000,8860.0000000,92974
20140701,000000,8843.3000000,9073.7000000,8739.0000000,9068.0000000,129895
20140702,000000,9034.0000000,9369.9000000,9016.1000000,9369.9000000,143156
20140703,000000,9379.0000000,9435.7000000,9221.0000000,9339.9000000,117321
20140704,000000,9329.0000000,9350.0000000,9206.7000000,9249.7000000,103738
20140707,000000,9240.0000000,9480.0000000,9160.0000000,9480.0000000,113166
20140708,000000,9470.0000000,9682.8000000,9462.1000000,9550.0000000,154606
20140709,000000,9521.6000000,9671.9000000,9460.1000000,9660.0000000,150466
20140710,000000,9670.0000000,9864.2000000,9653.0000000,9765.2000000,270870
20140711,000000,9802.0000000,9953.9000000,9700.0000000,9890.0000000,132926
20140714,000000,9891.1000000,10030.0000000,9850.0000000,9950.0000000,147066
20140715,000000,9969.9000000,10034.8000000,9761.2000000,9800.0000000,147864
20140716,000000,9767.0000000,9949.0000000,9704.5000000,9850.0000000,117708
20140717,000000,9761.2000000,9819.8000000,9581.7000000,9640.0000000,288003
20140718,000000,9243.1000000,9503.7000000,9231.0000000,9475.0000000,185419
20140721,000000,9484.9000000,9487.3000000,9275.7000000,9285.1000000,154552
20140722,000000,9367.0000000,9411.9000000,9275.0000000,9380.0000000,136585
20140723,000000,9393.0000000,9880.0000000,9390.6000000,9880.0000000,225326
20140724,000000,9855.0000000,10057.0000000,9741.2000000,9999.9000000,147745
20140725,000000,9962.9000000,9984.9000000,9555.5000000,9650.0000000,224891
20140728,000000,9570.0000000,9720.0000000,9470.0000000,9610.0000000,104594
20140729,000000,9630.0000000,9734.0000000,9430.0000000,9450.0000000,112662
20140730,000000,9390.9000000,9577.0000000,9186.6000000,9240.0000000,162965
20140731,000000,9245.1000000,9405.0000000,9092.1000000,9150.0000000,119832
20140801,000000,9090.0000000,9216.0000000,9025.0000000,9209.0000000,124322
20140804,000000,9174.0000000,9340.0000000,9132.0000000,9340.0000000,73480
20140805,000000,9370.0000000,9381.0000000,9072.0000000,9247.0000000,101850
20140806,000000,9178.9000000,9350.0000000,9050.0000000,9120.0000000,149338
20140807,000000,9043.0000000,9114.1000000,8568.1000000,8648.0000000,245798
20140808,000000,8600.1000000,8958.0000000,8505.1000000,8940.0000000,195029
20140811,000000,8958.0000000,9145.0000000,8872.1000000,9025.0000000,91216
20140812,000000,9025.0000000,9095.7000000,8953.0000000,9075.0000000,78674
20140813,000000,9050.0000000,9215.0000000,9032.9000000,9199.0000000,116807
20140814,000000,9153.0000000,9275.0000000,9102.8000000,9260.0000000,141697
20140815,000000,9230.3000000,9482.8000000,9170.4000000,9384.0000000,85079
20140818,000000,9370.0000000,9579.0000000,9319.3000000,9565.0000000,52958
20140819,000000,9604.9000000,9629.8000000,9478.2000000,9550.0000000,69700
20140820,000000,9549.0000000,9589.9000000,9371.2000000,9450.0000000,66913
20140821,000000,9450.0000000,9700.7000000,9422.7000000,9700.7000000,70858
20140822,000000,9707.9000000,9735.2000000,9560.6000000,9690.0000000,65399
20140825,000000,9657.0000000,9707.3000000,9587.6000000,9698.0000000,26598
20140826,000000,9729.5000000,9918.5000000,9700.1000000,9769.9000000,72866
20140827,000000,9783.9000000,9843.0000000,9582.0000000,9669.0000000,82546
20140828,000000,9630.0000000,9630.0000000,9260.1000000,9345.0000000,185150
20140829,000000,9280.1000000,9439.2000000,9050.0000000,9099.0000000,161094
20140901,000000,9199.1000000,9199.1000000,8770.0000000,8900.0000000,188431
20140902,000000,8751.9000000,9039.2000000,8751.2000000,9010.0000000,92966
20140903,000000,8950.0000000,9437.0000000,8905.4000000,9409.2000000,180460
20140904,000000,9386.0000000,9508.6000000,9265.0000000,9508.0000000,77336
20140905,000000,9430.5000000,9869.6000000,9373.1000000,9750.0000000,255791
20140908,000000,9696.0000000,9787.7000000,9543.2000000,9590.0000000,76859
20140909,000000,9611.9000000,9780.0000000,9590.0000000,9760.0000000,89825
20140910,000000,9702.1000000,9843.6000000,9622.3000000,9810.0000000,74448
20140911,000000,9824.9000000,9944.3000000,9792.3000000,9929.0000000,128528
20140912,000000,9888.8000000,10000.0000000,9790.0000000,9924.7000000,96474
20140915,000000,9921.6000000,9988.0000000,9725.0000000,9877.0000000,218521
20140916,000000,9860.0000000,10034.5000000,9804.6000000,10000.0000000,251368
20140917,000000,10015.0000000,10089.0000000,9729.4000000,9812.0000000,136004
20140918,000000,9800.0000000,9930.9000000,9625.1000000,9840.0000000,135482
20140919,000000,9890.0000000,9897.0000000,9646.2000000,9650.0000000,140025
20140922,000000,9640.1000000,9745.0000000,9503.3000000,9530.0000000,131314
20140923,000000,9568.9000000,9789.5000000,9516.2000000,9750.0000000,108365
20140924,000000,9780.0000000,10030.0000000,9760.1000000,9940.0000000,133468
20140925,000000,9971.0000000,10087.6000000,9910.0000000,10000.0000000,191738
20140926,000000,9956.0000000,10050.0000000,9840.0000000,9957.0000000,129671
20140929,000000,9959.9000000,9990.0000000,9800.0000000,9845.5000000,122952
20140930,000000,9848.5000000,9950.0000000,9631.5000000,9920.0000000,194250
20141001,000000,9877.9000000,9950.0000000,9800.0000000,9884.9000000,163302
20141002,000000,9821.4000000,9879.9000000,9591.9000000,9770.0000000,220245
20141003,000000,9810.7000000,9987.0000000,9775.6000000,9987.0000000,186005
20141006,000000,9991.1000000,10275.0000000,9971.2000000,10256.0000000,226265
20141007,000000,10240.7000000,10333.4000000,10010.1000000,10059.0000000,123587
20141008,000000,9982.3000000,9998.7000000,9829.4000000,9998.0000000,146905
20141009,000000,10050.1000000,10279.8000000,9957.1000000,10245.0000000,205267
20141010,000000,10140.0000000,10289.0000000,10074.0000000,10280.0000000,132375
20141013,000000,10285.0000000,10448.4000000,10160.3000000,10260.0000000,164181
20141014,000000,10205.2000000,10477.0000000,10205.0000000,10390.0000000,151585
20141015,000000,10388.9000000,10445.0000000,10166.8000000,10218.1000000,148432
20141016,000000,10224.8000000,10392.8000000,10021.0000000,10150.0000000,191814
20141017,000000,10195.4000000,10290.0000000,9907.1000000,9980.0000000,207782
20141020,000000,9980.0000000,10085.0000000,9846.7000000,9949.9000000,121281
20141021,000000,9918.5000000,10112.9000000,9805.0000000,10085.0000000,154549
20141022,000000,10100.0000000,10235.3000000,10003.0000000,10080.0000000,144889
20141023,000000,10039.8000000,10167.3000000,9940.0000000,10150.0000000,120750
20141024,000000,10078.0000000,10340.0000000,10042.3000000,10180.0000000,145848
20141027,000000,10322.0000000,10380.0000000,10147.7000000,10240.0000000,124058
20141028,000000,10240.0000000,10897.0000000,10179.0000000,10897.0000000,264697
20141029,000000,10870.0000000,11324.0000000,10785.1000000,11205.0000000,317845
20141030,000000,11155.0000000,11525.0000000,11155.0000000,11370.0000000,301203
20141031,000000,11460.0000000,11900.0000000,11390.0000000,11900.0000000,245165
20141103,000000,11810.1000000,12256.8000000,11732.1000000,11849.0000000,110467
20141105,000000,11747.0000000,11893.9000000,11650.0000000,11855.0000000,161686
20141106,000000,11747.0000000,12294.7000000,11743.1000000,11930.0000000,249269
20141107,000000,11930.0000000,12153.8000000,11484.6000000,11750.0000000,331303
20141110,000000,11850.0000000,12010.0000000,11494.7000000,11750.0000000,148204
20141111,000000,11771.1000000,11830.0000000,11530.0000000,11600.0000000,122019
20141112,000000,11637.0000000,11830.0000000,11515.3000000,11830.0000000,112598
20141113,000000,11800.0000000,11882.3000000,11652.0000000,11790.0000000,96695
20141114,000000,11705.2000000,11998.7000000,11645.0000000,11850.0000000,110348
20141117,000000,11810.6000000,11884.8000000,11622.1000000,11750.0000000,80531
20141118,000000,11720.0000000,11789.9000000,11523.0000000,11789.8000000,119392
20141119,000000,11705.0000000,11815.0000000,11555.0000000,11640.0000000,91215
20141120,000000,11639.8000000,11765.0000000,11461.1000000,11700.0000000,108482
20141121,000000,11700.0000000,11860.0000000,11595.1000000,11752.0000000,115656
20141124,000000,11782.0000000,11924.0000000,11575.0000000,11899.0000000,136426
20141125,000000,11871.1000000,11871.1000000,11706.0000000,11850.0000000,62294
20141126,000000,11787.9000000,11899.9000000,11732.0000000,11899.9000000,132566
20141127,000000,11853.2000000,11947.8000000,11765.0000000,11845.0000000,125691
20141128,000000,11844.9000000,11898.0000000,11576.1000000,11795.0000000,311258
20141201,000000,11740.0000000,12200.0000000,11701.0000000,11840.0000000,321874
20141202,000000,11850.0000000,12300.0000000,11712.0000000,12300.0000000,274918
20141203,000000,12251.0000000,12498.0000000,12065.0000000,12299.0000000,281081
20141204,000000,12270.0000000,12305.0000000,11831.0000000,12010.0000000,288472
20141205,000000,11961.0000000,12009.0000000,11477.0000000,11525.0000000,278688
20141208,000000,11557.0000000,11630.0000000,11163.0000000,11404.0000000,218098
20141209,000000,11363.0000000,11385.0000000,11133.0000000,11201.0000000,222874
20141210,000000,11302.0000000,11558.0000000,11169.0000000,11350.0000000,257427
20141211,000000,11281.0000000,11332.0000000,10640.0000000,11000.0000000,364212
20141212,000000,10935.0000000,11394.0000000,10702.0000000,10770.0000000,416691
20141215,000000,10710.0000000,10897.0000000,9626.0000000,10195.0000000,623732
20141216,000000,9984.0000000,10850.0000000,9213.0000000,10600.0000000,757180
20141217,000000,10550.0000000,10699.0000000,9920.0000000,10050.0000000,444415
20141218,000000,10040.0000000,11850.0000000,9949.0000000,10600.0000000,567554
20141219,000000,10600.0000000,10801.0000000,10110.0000000,10400.0000000,338104
20141222,000000,10506.0000000,10650.0000000,9925.0000000,10000.0000000,183834
20141223,000000,10000.0000000,10239.0000000,9855.0000000,10100.0000000,122835
20141224,000000,10100.0000000,10193.0000000,9957.0000000,10005.0000000,63808
20141225,000000,10058.0000000,10058.0000000,9625.0000000,9964.0000000,51129
20141226,000000,9995.0000000,10475.0000000,9916.0000000,10292.0000000,41690
20141229,000000,10157.0000000,11439.0000000,10137.0000000,10160.0000000,141676
20141230,000000,9977.0000000,10110.0000000,9615.0000000,9701.0000000,102243
