20140106,000000,247.1000000,248.0000000,242.9000000,243.0100000,3654070
20140108,000000,243.3300000,243.7900000,242.0000000,242.0000000,2653500
20140109,000000,241.1900000,245.0000000,240.6500000,241.9700000,5026470
20140110,000000,240.9000000,243.2100000,239.4100000,242.4300000,5665300
20140113,000000,241.9500000,243.4600000,240.6500000,240.7900000,5958970
20140114,000000,238.8500000,243.1400000,236.2600000,242.2400000,8481790
20140115,000000,243.4300000,246.3900000,242.0900000,246.3600000,9651940
20140116,000000,246.3100000,247.2400000,243.4300000,243.4700000,6158430
20140117,000000,243.5500000,249.4800000,243.0500000,248.7700000,12874080
20140120,000000,248.4000000,249.9300000,247.6700000,249.3200000,5610590
20140121,000000,250.3300000,250.8200000,248.4400000,250.3500000,5283050
20140122,000000,250.3500000,251.7500000,249.5400000,250.5200000,8149120
20140123,000000,250.5200000,252.0000000,248.6500000,248.6500000,7728180
20140124,000000,247.4000000,249.1100000,246.5200000,247.9100000,7049400
20140127,000000,246.8500000,249.4900000,246.0000000,246.6600000,5184980
20140128,000000,247.3700000,248.0000000,244.2200000,244.4000000,4879030
20140129,000000,245.7900000,248.7000000,244.2500000,245.0900000,7210250
20140130,000000,245.0900000,246.6400000,242.6200000,245.7500000,6280990
20140131,000000,246.1000000,246.1600000,242.8000000,245.0000000,5117610
20140203,000000,244.9400000,245.0000000,238.7500000,238.9600000,4705060
20140204,000000,238.3700000,243.9800000,238.0500000,242.8600000,7104460
20140205,000000,242.8500000,243.9600000,241.2000000,242.7000000,5101750
20140206,000000,243.0000000,245.0000000,242.7000000,244.4100000,4185630
20140207,000000,245.4000000,246.1000000,243.3000000,246.1000000,5519940
20140210,000000,246.6600000,247.8200000,245.6300000,247.2600000,3510700
20140211,000000,248.1500000,248.9600000,247.0500000,248.5900000,3371390
20140212,000000,248.7400000,249.7000000,247.0300000,248.3500000,3086780
20140213,000000,247.2000000,247.2100000,242.7000000,243.7500000,5590590
20140214,000000,245.0900000,248.2500000,244.4900000,247.1900000,3810040
20140217,000000,248.3000000,252.4700000,247.7500000,249.9000000,9796690
20140218,000000,249.4800000,252.4500000,249.0700000,250.1300000,8573800
20140219,000000,250.2900000,250.8200000,246.6000000,247.9400000,4380190
20140220,000000,246.0400000,247.5700000,245.2000000,246.6700000,3893330
20140221,000000,247.4400000,250.7300000,247.3800000,250.0000000,5381760
20140224,000000,249.7500000,250.1800000,247.5000000,249.1800000,2716890
20140225,000000,249.5100000,249.9700000,247.1000000,248.7800000,3292680
20140226,000000,248.6300000,249.5000000,245.6500000,246.9900000,3584000
20140227,000000,247.4400000,248.8200000,240.1100000,242.9000000,7694960
20140228,000000,242.5100000,245.8800000,240.4000000,243.9500000,5910990
20140303,000000,239.9800000,239.9900000,223.2100000,230.8800000,16315400
20140304,000000,235.5100000,242.0000000,233.8000000,237.9000000,8280200
20140305,000000,238.0000000,238.4000000,231.7400000,236.0000000,8308910
20140306,000000,236.9500000,237.9900000,230.0000000,235.6000000,8136640
20140307,000000,234.3900000,239.4400000,231.5500000,236.3800000,6146500
20140311,000000,233.6300000,236.7000000,227.5000000,229.5000000,5973360
20140312,000000,227.9500000,229.6500000,223.2000000,224.0000000,7177600
20140313,000000,225.0000000,225.6600000,223.0700000,224.8000000,6242470
20140314,000000,221.9100000,230.0000000,219.1700000,225.8100000,12059240
20140317,000000,227.0000000,229.4600000,221.5400000,228.0000000,13470610
20140318,000000,228.5400000,234.0000000,225.0000000,232.4400000,10035200
20140319,000000,234.4200000,235.4000000,230.3300000,231.4700000,6067420
20140320,000000,230.1000000,233.3100000,228.5100000,231.6800000,5833410
20140321,000000,227.0100000,233.7100000,223.2100000,231.2100000,10534900
20140324,000000,231.2200000,236.9100000,228.0500000,228.0500000,6378100
20140325,000000,228.0600000,232.9500000,227.5000000,232.0000000,5981640
20140326,000000,232.2600000,237.0000000,230.5000000,232.3100000,9311700
20140327,000000,231.8700000,233.2000000,230.1200000,232.6000000,4659650
20140328,000000,232.7900000,234.3000000,231.2000000,231.4000000,3664230
20140331,000000,232.5000000,234.5300000,231.0900000,234.5300000,3966350
20140401,000000,234.3500000,235.3500000,231.2200000,231.7000000,6396230
20140402,000000,232.3200000,233.0000000,230.5000000,233.0000000,3402560
20140403,000000,233.8700000,233.9700000,229.5100000,230.5000000,4015750
20140404,000000,231.0200000,233.0700000,230.0000000,232.4900000,4526490
20140407,000000,230.5000000,231.4200000,228.1000000,231.4200000,8327490
20140408,000000,231.4000000,232.2500000,228.4000000,229.9500000,8870390
20140409,000000,230.1700000,232.0000000,229.0100000,231.9900000,4237680
20140410,000000,232.3000000,234.7500000,230.9900000,234.5800000,3881540
20140411,000000,233.1100000,234.8000000,231.3100000,232.5200000,2483460
20140414,000000,231.7100000,234.7500000,230.1000000,233.8800000,3157380
20140415,000000,233.6400000,234.9400000,225.9500000,225.9500000,5376010
20140416,000000,227.1000000,228.2100000,221.2600000,225.5900000,8423850
20140417,000000,227.5100000,228.4500000,222.8200000,228.4500000,3872380
20140418,000000,232.5800000,234.4400000,231.5200000,231.7700000,4960220
20140421,000000,231.7500000,233.3000000,230.5100000,230.9000000,2684510
20140422,000000,230.7500000,231.7700000,229.2800000,230.0000000,5779500
20140423,000000,229.6200000,230.1800000,228.0800000,228.1700000,3065410
20140424,000000,229.0000000,229.1900000,223.7100000,225.9800000,4663060
20140425,000000,225.0000000,225.9200000,221.4000000,223.6200000,3390910
20140428,000000,222.8700000,225.3700000,218.1800000,219.8000000,8311310
20140429,000000,221.9500000,225.0000000,221.0100000,223.5100000,5570960
20140430,000000,224.0000000,224.3600000,222.3400000,222.6200000,7947690
20140502,000000,219.4300000,223.2300000,219.0500000,222.8000000,3208180
20140505,000000,222.2500000,222.6000000,219.3400000,220.9000000,2290270
20140506,000000,221.3100000,224.5600000,221.0700000,224.0500000,6392470
20140507,000000,223.4700000,232.6700000,223.3300000,229.0000000,7079390
20140508,000000,229.4800000,229.8000000,225.8000000,226.6700000,9398160
20140512,000000,227.7000000,230.4600000,224.3100000,229.5000000,10328190
20140513,000000,229.9400000,230.9300000,228.5000000,229.5000000,4654710
20140514,000000,229.7600000,230.3600000,228.7500000,229.9900000,3793410
20140515,000000,229.9000000,230.9000000,226.5500000,227.0000000,4432170
20140516,000000,226.9500000,228.3800000,225.5000000,227.2400000,3303080
20140519,000000,227.6200000,229.8500000,227.3700000,228.1000000,5573360
20140520,000000,229.4000000,231.7700000,224.6600000,229.8000000,11181770
20140521,000000,229.8800000,232.3000000,228.7700000,230.5600000,8588540
20140522,000000,231.2000000,231.8900000,228.5000000,230.0100000,3690840
20140523,000000,231.0100000,233.1000000,230.2500000,232.9000000,5820350
20140526,000000,233.6800000,235.8000000,233.2100000,233.7400000,2810950
20140527,000000,234.0000000,234.0700000,228.2900000,229.0000000,5558180
20140528,000000,229.2000000,230.0000000,227.5000000,229.1300000,3214810
20140529,000000,229.8000000,232.6000000,229.6000000,229.8100000,4828820
20140530,000000,229.8800000,231.1100000,226.0000000,226.0000000,3487100
20140602,000000,227.8000000,231.9800000,227.8000000,230.0000000,3948650
20140603,000000,229.5000000,231.5000000,228.2400000,231.3000000,4380620
20140604,000000,230.9000000,231.6500000,229.6100000,230.2500000,2779750
20140605,000000,230.6000000,231.2900000,228.8500000,229.5000000,3058430
20140606,000000,230.3200000,237.7000000,230.1400000,237.0000000,9521030
20140609,000000,238.1800000,241.7900000,237.0200000,240.3600000,6371750
20140610,000000,240.6000000,243.4300000,239.6500000,242.8000000,5042240
20140611,000000,242.4500000,249.6600000,242.1200000,249.6600000,12957650
20140616,000000,249.0700000,254.8700000,245.6700000,253.3000000,19171640
20140617,000000,253.2900000,257.3000000,250.1000000,251.5900000,7504160
20140618,000000,251.4300000,252.5800000,249.2300000,250.8700000,7890400
20140619,000000,252.9900000,254.2300000,249.2400000,249.8900000,8960070
20140620,000000,250.3000000,251.8400000,248.0700000,250.1100000,6941870
20140623,000000,250.6000000,253.3000000,250.0000000,252.3000000,4943030
20140624,000000,253.1000000,258.3000000,252.7000000,257.8100000,6899620
20140625,000000,256.7700000,257.6900000,248.7400000,250.0000000,6754270
20140626,000000,250.7900000,252.4400000,248.5000000,249.2400000,4644010
20140627,000000,249.8000000,251.2400000,247.1100000,249.4900000,4763360
20140630,000000,249.7000000,250.1100000,246.3500000,249.3000000,3772100
20140701,000000,249.2600000,250.3500000,247.1700000,250.1600000,2410710
20140702,000000,250.2700000,255.2900000,249.7200000,255.1900000,6027760
20140703,000000,255.3000000,258.5500000,255.2400000,257.7000000,5028280
20140704,000000,257.9700000,259.0000000,253.9000000,253.9000000,5425390
20140707,000000,243.7500000,248.9900000,241.1200000,248.9900000,6154310
20140708,000000,248.8000000,254.5000000,248.6400000,249.9900000,6999400
20140709,000000,248.9900000,249.9000000,245.3200000,247.9500000,4482240
20140710,000000,248.2100000,249.7200000,242.2000000,244.9500000,7532110
20140711,000000,245.5000000,246.6500000,242.6100000,246.0100000,4107770
20140714,000000,246.3400000,247.8800000,241.5700000,242.0000000,3308860
20140715,000000,242.6000000,244.4400000,240.5000000,241.9200000,5349410
20140716,000000,241.9000000,245.3000000,240.7300000,244.1800000,4088800
20140717,000000,237.0000000,237.0000000,229.0200000,233.7000000,10660700
20140718,000000,229.0200000,232.1800000,229.0200000,231.7500000,7845650
20140721,000000,231.4800000,231.4800000,225.7600000,225.9100000,5477810
20140722,000000,227.3300000,229.5000000,226.2300000,226.7600000,7342780
20140723,000000,228.2000000,229.1800000,220.1100000,221.8000000,6231670
20140724,000000,222.0000000,222.4500000,220.2100000,222.4500000,5695060
20140725,000000,222.1500000,223.9900000,219.6500000,220.8400000,8196260
20140728,000000,220.6200000,220.9700000,214.3900000,218.2100000,8789200
20140729,000000,218.7100000,221.4400000,217.0600000,220.3000000,6804820
20140730,000000,218.8900000,226.8700000,217.0100000,224.0000000,9398160
20140731,000000,224.2600000,226.7200000,222.1200000,223.0000000,5639690
20140801,000000,222.1000000,224.0000000,219.4200000,221.7900000,5781460
20140804,000000,221.3500000,223.3800000,219.0000000,219.9000000,3907040
20140805,000000,221.2000000,221.7800000,219.0800000,220.0000000,3602930
20140806,000000,219.7900000,223.7600000,218.5500000,219.5500000,5711290
20140807,000000,219.4500000,222.9900000,218.6800000,221.0000000,7625930
20140808,000000,221.5000000,222.5500000,219.5100000,219.5400000,3807960
20140811,000000,222.0000000,225.6400000,221.2100000,221.3800000,4403750
20140812,000000,221.6800000,223.2000000,219.7500000,221.6500000,3488390
20140813,000000,221.6400000,227.3300000,221.6400000,225.9900000,6812560
20140814,000000,226.8500000,227.5000000,224.5700000,226.3000000,4669470
20140815,000000,226.0000000,226.9100000,224.6500000,225.0000000,3529560
20140818,000000,225.0100000,226.6400000,223.6600000,224.6800000,2298800
20140819,000000,225.4500000,227.7100000,225.1100000,227.4000000,5336110
20140820,000000,227.6200000,231.8000000,226.8300000,231.5400000,8633280
20140821,000000,231.4800000,234.7000000,231.1800000,233.0000000,3761600
20140822,000000,234.0000000,234.0000000,228.0000000,230.0300000,3992880
20140825,000000,230.3000000,232.2000000,229.3600000,231.6900000,1976910
20140826,000000,231.9800000,232.6500000,229.2200000,229.2200000,1947550
20140827,000000,230.4000000,233.0000000,229.7300000,231.6900000,3600160
20140828,000000,231.6200000,232.0000000,226.0600000,228.9900000,5336950
20140829,000000,228.5600000,231.4400000,226.0000000,226.0000000,3223310
20140901,000000,227.0400000,232.0000000,226.5000000,229.0000000,4706950
20140902,000000,229.5500000,231.0000000,227.9400000,230.5000000,2884650
20140903,000000,230.2200000,236.9000000,229.9200000,236.1300000,8965630
20140904,000000,236.2300000,237.9700000,233.1300000,236.5400000,3667870
20140905,000000,234.7000000,239.0900000,234.5100000,238.0000000,4839820
20140908,000000,236.9900000,238.8500000,232.2300000,234.0200000,4818340
20140909,000000,234.1000000,235.9200000,233.9200000,234.5500000,2509310
20140910,000000,234.5000000,236.0000000,232.7100000,234.9000000,2040170
20140911,000000,234.7200000,236.3500000,230.0100000,230.0100000,3753890
20140912,000000,230.0000000,234.2000000,228.5100000,233.2000000,4157190
20140915,000000,233.0000000,234.0200000,231.2100000,232.1900000,5924240
20140916,000000,232.9800000,241.6200000,232.4800000,240.5000000,6048800
20140917,000000,239.8200000,240.5000000,234.8000000,237.3400000,4735660
20140918,000000,237.6800000,241.0000000,236.0000000,238.7600000,3074820
20140919,000000,239.0000000,239.0000000,231.7200000,233.5000000,5547820
20140922,000000,234.1500000,234.5200000,230.0000000,230.0000000,3295160
20140923,000000,230.5600000,233.0000000,230.0400000,232.7900000,3304260
20140924,000000,233.3700000,234.3100000,231.8300000,232.3600000,3135140
20140925,000000,233.0600000,234.5300000,230.7900000,231.2000000,2790960
20140926,000000,231.5000000,233.4400000,228.9300000,232.3900000,4608210
20140929,000000,233.7800000,236.0200000,228.7400000,229.0000000,5628950
20140930,000000,229.8700000,233.7000000,228.5000000,232.0000000,3697400
20141001,000000,231.3200000,233.1300000,230.0000000,230.0000000,2678860
20141002,000000,229.5100000,230.5700000,225.7900000,226.3700000,3536850
20141003,000000,228.0000000,230.3000000,226.9800000,227.7300000,2643330
20141006,000000,229.3700000,233.4700000,229.3700000,232.0700000,3475220
20141007,000000,232.5000000,232.9400000,229.6500000,231.3000000,2246260
20141008,000000,230.5000000,232.7500000,227.5000000,227.5000000,4863300
20141009,000000,229.9900000,231.2500000,227.0500000,228.4700000,3439110
20141010,000000,226.0000000,227.1800000,221.8500000,222.3000000,5577300
20141013,000000,221.9800000,227.7900000,221.4000000,225.5300000,2910410
20141014,000000,225.4900000,233.4700000,225.0000000,230.3000000,4896590
20141015,000000,229.7800000,230.2100000,225.6400000,226.6100000,3115610
20141016,000000,227.2700000,229.9300000,223.0000000,224.1500000,4512190
20141017,000000,225.8700000,230.1000000,225.1000000,228.6900000,3455390
20141020,000000,229.6500000,230.7500000,225.5500000,227.2000000,3537870
20141021,000000,227.0100000,229.4500000,225.0000000,228.2400000,2309840
20141022,000000,228.4000000,229.2500000,224.7100000,225.4000000,2909440
20141023,000000,224.7300000,225.7200000,222.2500000,224.2000000,4956000
20141024,000000,224.5100000,226.0000000,222.5000000,225.8800000,2492470
20141027,000000,227.0200000,229.2800000,225.6500000,227.9000000,3258140
20141028,000000,228.5000000,231.5000000,227.4900000,229.6000000,3140450
20141029,000000,230.3500000,233.4500000,228.2100000,233.4500000,4423520
20141030,000000,232.5000000,236.2000000,230.5100000,235.9600000,6195220
20141031,000000,236.5000000,239.9000000,234.7100000,239.9000000,4988020
20141103,000000,240.1100000,240.9000000,237.3800000,240.3000000,1510920
20141105,000000,239.0100000,239.8800000,234.5200000,239.8800000,5601300
20141106,000000,239.5000000,243.9500000,238.5000000,239.2100000,4735400
20141107,000000,240.3700000,243.9200000,237.0000000,239.0200000,8462660
20141110,000000,240.9000000,243.0400000,239.0100000,239.8600000,3569930
20141111,000000,239.9900000,242.3700000,238.8500000,239.3400000,4505950
20141112,000000,239.8400000,240.3400000,236.0000000,237.2300000,4176180
20141113,000000,237.0300000,238.6000000,231.5000000,231.5000000,5044620
20141114,000000,231.4900000,235.4000000,230.1300000,233.7900000,4163140
20141117,000000,232.9900000,235.0500000,232.3500000,233.9700000,1791690
20141118,000000,234.4900000,235.9800000,233.5000000,235.7000000,4850210
20141119,000000,235.5000000,235.9900000,234.4000000,235.0000000,3124370
20141120,000000,235.1700000,237.0000000,234.0300000,235.8000000,4606280
20141121,000000,236.5000000,241.5900000,235.0700000,240.4000000,7842160
20141124,000000,241.0500000,241.4900000,236.4900000,237.6200000,3157790
20141125,000000,237.9000000,238.1900000,235.0200000,237.0100000,2430290
20141126,000000,236.4000000,238.5800000,234.3300000,238.0000000,4220750
20141127,000000,237.6000000,239.1000000,232.4500000,233.6600000,4019790
20141128,000000,232.6200000,234.8600000,228.9200000,233.7400000,5127670
20141201,000000,232.0000000,239.5000000,231.0500000,233.5000000,10302380
20141202,000000,234.7500000,235.0000000,230.3000000,232.7500000,6436360
20141203,000000,233.0000000,235.4500000,227.5000000,230.4500000,8890220
20141204,000000,230.8000000,232.7500000,228.3000000,228.3000000,6369560
20141205,000000,228.6500000,229.0000000,221.7000000,221.9500000,4803210
20141208,000000,222.0000000,226.2000000,210.6500000,212.2000000,7581710
20141209,000000,211.7000000,217.9000000,205.5000000,213.3500000,7198820
20141210,000000,214.8000000,218.1500000,212.1500000,213.5000000,4610670
20141211,000000,213.8000000,215.3500000,204.3000000,208.0000000,7302060
20141212,000000,207.0000000,215.4500000,200.0000000,210.7500000,7096120
20141215,000000,211.7000000,213.1000000,201.3000000,201.5000000,8782080
20141216,000000,201.5000000,205.0000000,183.9500000,200.6500000,12190360
20141217,000000,201.0000000,206.5000000,190.1000000,194.6500000,10752880
20141218,000000,200.0500000,212.0000000,196.3000000,196.9000000,13444920
20141219,000000,198.1000000,201.3500000,187.4000000,194.1500000,7710850
20141222,000000,196.2000000,208.9500000,194.0000000,198.9000000,9364110
20141223,000000,200.0000000,203.9500000,195.5000000,196.6500000,4590450
20141224,000000,195.6000000,199.0000000,193.2000000,193.2000000,3501070
20141225,000000,193.8000000,196.2500000,192.0000000,195.0000000,1711440
20141226,000000,195.7500000,198.5500000,194.7000000,196.7500000,2007420
20141229,000000,197.0500000,206.5000000,195.1500000,201.8000000,5206380
20141230,000000,200.1500000,201.3500000,192.3000000,195.8000000,3504020
