20140106,000000,28.2000000,28.2500000,27.4550000,27.4550000,18786400
20140108,000000,27.5760000,27.6610000,27.2010000,27.2010000,13404900
20140109,000000,27.2970000,27.6550000,27.2380000,27.5700000,14003500
20140110,000000,27.4400000,27.7550000,27.3070000,27.5100000,23499400
20140113,000000,27.6100000,28.1200000,27.6000000,27.9750000,18565500
20140114,000000,27.7200000,28.0390000,27.4450000,27.9350000,24396100
20140115,000000,28.0280000,28.2280000,27.9520000,28.1500000,18503200
20140116,000000,28.2000000,28.2370000,27.7800000,27.8020000,23702300
20140117,000000,27.7190000,27.9870000,27.6010000,27.7010000,17075800
20140120,000000,27.6230000,27.9860000,27.6110000,27.9200000,9873100
20140121,000000,28.0240000,28.1280000,27.9190000,27.9720000,13358300
20140122,000000,27.9870000,28.0160000,27.8040000,27.9900000,13244900
20140123,000000,27.9000000,28.5200000,27.8900000,28.3340000,30442900
20140124,000000,28.1300000,28.6930000,28.0600000,28.4170000,33820800
20140127,000000,28.1880000,28.6790000,28.1500000,28.2200000,31818700
20140128,000000,28.3330000,28.4670000,27.8460000,27.9070000,30769000
20140129,000000,28.0370000,28.3370000,27.5680000,27.6720000,42297600
20140130,000000,27.7370000,28.0730000,27.7300000,27.9880000,36480000
20140131,000000,27.9880000,28.1490000,26.9250000,26.9450000,50229400
20140203,000000,27.0940000,27.2790000,26.7500000,26.8530000,31951900
20140204,000000,26.7710000,27.1000000,26.3660000,27.0000000,26793000
20140205,000000,27.1000000,27.2000000,26.9110000,27.1190000,18250300
20140206,000000,27.1800000,27.1990000,26.9690000,27.0740000,22095500
20140207,000000,27.1910000,27.3290000,27.0260000,27.2990000,26758300
20140210,000000,27.3500000,27.4450000,27.2500000,27.3440000,18245500
20140211,000000,27.3610000,27.4720000,27.2020000,27.2370000,17020000
20140212,000000,27.3770000,27.9000000,27.3510000,27.6200000,31461700
20140213,000000,27.5050000,27.5480000,27.0930000,27.2000000,20291500
20140214,000000,27.3400000,27.5000000,27.2120000,27.2840000,22973500
20140217,000000,27.4200000,27.7660000,27.4050000,27.5220000,19562800
20140218,000000,27.5770000,27.7500000,27.5070000,27.5720000,9724100
20140219,000000,27.5430000,27.8350000,27.4000000,27.5550000,21347800
20140220,000000,27.4850000,27.6870000,27.2490000,27.4570000,23136600
20140221,000000,27.5890000,27.7200000,27.5500000,27.6830000,13558300
20140224,000000,27.6110000,27.7500000,27.4330000,27.7490000,11870600
20140225,000000,27.7500000,27.8750000,27.5000000,27.8500000,15176900
20140226,000000,27.8200000,28.2730000,27.8200000,28.1010000,37337700
20140227,000000,28.1500000,28.4660000,27.2900000,27.5790000,56017200
20140228,000000,27.5980000,27.8500000,27.3010000,27.3500000,27720200
20140303,000000,26.7860000,26.7860000,25.6310000,26.2280000,68353600
20140304,000000,26.3000000,27.4840000,26.3000000,26.9300000,42565900
20140305,000000,26.9510000,27.0060000,25.9200000,26.9420000,33722500
20140306,000000,26.8490000,27.2490000,26.1450000,26.7860000,37774100
20140307,000000,26.6000000,27.2990000,26.4640000,26.9320000,33975200
20140311,000000,26.8410000,27.0400000,26.3230000,26.3270000,29242900
20140312,000000,26.2820000,26.5500000,25.8110000,26.3130000,33735500
20140313,000000,26.4700000,26.8510000,25.9000000,25.9100000,40191700
20140314,000000,25.6730000,25.9580000,25.2440000,25.4770000,75714700
20140317,000000,25.5710000,26.4660000,25.2520000,26.4500000,67437800
20140318,000000,26.5180000,26.9800000,26.1250000,26.6500000,39737800
20140319,000000,26.7230000,27.0000000,26.2000000,26.2510000,37025000
20140320,000000,26.1000000,26.3990000,25.8510000,26.2010000,23900700
20140321,000000,25.9830000,26.2890000,25.1500000,26.2890000,46955300
20140324,000000,26.1110000,26.6470000,25.5000000,25.5700000,30576200
20140325,000000,25.8000000,25.9830000,25.3130000,25.5660000,35330900
20140326,000000,25.7500000,26.0990000,25.5800000,25.6150000,36190300
20140327,000000,25.6100000,25.7740000,25.3510000,25.3790000,32416300
20140328,000000,25.4490000,25.8450000,25.4100000,25.5210000,21372000
20140331,000000,25.4810000,25.9000000,25.4120000,25.8540000,30749100
20140401,000000,25.8700000,26.1350000,25.5770000,25.9800000,42134900
20140402,000000,25.9110000,26.1400000,25.7310000,26.1400000,29933000
20140403,000000,26.1390000,26.3790000,25.9000000,25.9990000,23483700
20140404,000000,26.1000000,26.3380000,25.8820000,26.1470000,21141600
20140407,000000,25.9650000,25.9940000,25.5520000,25.9940000,33071200
20140408,000000,25.8640000,25.9500000,25.5080000,25.7520000,32326100
20140409,000000,25.7700000,25.8690000,25.5940000,25.8430000,23171500
20140410,000000,25.8000000,26.1240000,25.7490000,26.1240000,30964000
20140411,000000,25.8260000,26.0750000,25.7350000,25.9000000,25498700
20140414,000000,25.8510000,26.1910000,25.6460000,26.1500000,24410300
20140415,000000,26.1430000,26.1790000,25.3900000,25.5000000,34091000
20140416,000000,25.6000000,25.7220000,25.3000000,25.4060000,31271800
20140417,000000,25.4600000,25.6000000,24.9220000,25.2000000,30641600
20140418,000000,25.4250000,25.8680000,25.4100000,25.7000000,22802700
20140421,000000,25.7240000,25.8240000,25.4000000,25.4610000,13358200
20140422,000000,25.4300000,25.5520000,25.2210000,25.3800000,20790200
20140423,000000,25.3800000,25.4030000,25.0750000,25.2060000,15766500
20140424,000000,25.2450000,25.3400000,24.7700000,24.8750000,25856600
20140425,000000,24.8870000,24.9780000,24.4630000,24.5750000,26080000
20140428,000000,24.4260000,25.1480000,24.1280000,25.0620000,31182700
20140429,000000,25.1670000,25.5490000,24.9500000,25.0570000,32967800
20140430,000000,25.0490000,25.4540000,24.9000000,24.9000000,48004400
20140502,000000,24.9240000,24.9780000,24.7230000,24.8200000,10853700
20140505,000000,24.8000000,25.0500000,24.6670000,25.0500000,11293700
20140506,000000,25.0670000,25.2400000,24.9290000,24.9500000,28195300
20140507,000000,24.8490000,25.4250000,24.8400000,25.2900000,37386400
20140508,000000,25.3500000,25.4890000,25.0080000,25.2700000,16715400
20140512,000000,25.3530000,25.4480000,25.0270000,25.2100000,16492900
20140513,000000,25.2700000,25.4480000,25.1700000,25.3510000,19047600
20140514,000000,25.3980000,25.3980000,25.1610000,25.3800000,32423100
20140515,000000,25.3500000,25.5000000,25.2020000,25.2560000,19013800
20140516,000000,25.2180000,25.5740000,25.2180000,25.5740000,20291200
20140519,000000,25.5390000,25.7740000,25.4800000,25.7000000,35289000
20140520,000000,25.7730000,26.0800000,25.7730000,25.9430000,28080800
20140521,000000,25.9210000,26.3950000,25.8560000,26.2760000,26450300
20140522,000000,26.3520000,26.4880000,26.0400000,26.1300000,17663400
20140523,000000,26.1290000,26.4440000,26.0420000,26.3070000,21679100
20140526,000000,26.4000000,26.6990000,26.3630000,26.4730000,12247100
20140527,000000,26.5000000,26.5000000,25.6090000,25.9010000,30370100
20140528,000000,25.9100000,26.0540000,25.7000000,25.9400000,14664800
20140529,000000,25.9440000,26.2720000,25.8810000,26.0260000,18652300
20140530,000000,26.0800000,26.0820000,25.0890000,25.0890000,18429200
20140602,000000,25.4900000,26.4800000,25.4200000,26.3510000,34830400
20140603,000000,26.2990000,26.5500000,26.0940000,26.5500000,21829500
20140604,000000,26.4970000,27.0460000,26.4650000,26.8990000,17667400
20140605,000000,26.8630000,27.2820000,26.7420000,26.9990000,29327300
20140606,000000,27.0290000,27.2500000,26.5410000,27.1390000,21091200
20140609,000000,27.1520000,27.3300000,26.8310000,26.9420000,14903900
20140610,000000,27.0000000,27.3940000,26.7000000,27.3940000,15981600
20140611,000000,27.3630000,27.6500000,27.2040000,27.5590000,22255300
20140616,000000,27.3520000,27.6350000,27.0000000,27.3510000,68011200
20140617,000000,27.3520000,27.9400000,27.3130000,27.7920000,24415800
20140618,000000,27.8600000,28.3880000,27.7680000,28.1840000,25748400
20140619,000000,28.4000000,28.4740000,27.2110000,27.2480000,22501500
20140620,000000,27.2500000,27.3180000,26.7630000,27.1860000,18552900
20140623,000000,27.2490000,27.4980000,27.0600000,27.2750000,11517900
20140624,000000,27.3700000,27.8250000,27.3170000,27.8000000,19342600
20140625,000000,27.6000000,27.6990000,26.7000000,26.7170000,19272700
20140626,000000,26.8620000,26.9280000,26.2800000,26.5000000,14861000
20140627,000000,26.5010000,26.7300000,26.2570000,26.6000000,13391100
20140630,000000,26.6510000,26.6960000,26.1110000,26.4360000,13079800
20140701,000000,26.3710000,26.7900000,26.1200000,26.6730000,13170800
20140702,000000,26.6580000,27.4840000,26.6510000,27.4840000,22250900
20140703,000000,27.4630000,27.5740000,27.1690000,27.2600000,8953400
20140704,000000,27.3320000,27.4500000,26.3010000,26.5950000,17264100
20140707,000000,26.6510000,27.1430000,26.5840000,27.0000000,14340000
20140708,000000,26.9300000,27.3500000,26.7520000,26.7910000,16403200
20140709,000000,26.8000000,27.0130000,26.4170000,26.9900000,18314300
20140710,000000,27.0180000,27.2760000,26.3000000,26.6520000,24387800
20140711,000000,26.6670000,27.0000000,26.4710000,26.9000000,16057500
20140714,000000,26.9800000,27.0000000,26.2990000,26.3800000,17181800
20140715,000000,25.7540000,26.2190000,25.6130000,26.0220000,20925500
20140716,000000,26.0710000,26.4560000,25.5510000,25.9650000,22735400
20140717,000000,25.6010000,25.8560000,25.3790000,25.5900000,23176300
20140718,000000,25.2900000,25.5680000,24.7780000,24.8110000,27506500
20140721,000000,24.8600000,24.9670000,24.4520000,24.5550000,28096800
20140722,000000,24.6000000,25.3270000,24.6000000,24.8510000,25962700
20140723,000000,24.9010000,25.1030000,24.5770000,24.9200000,14898200
20140724,000000,24.6990000,25.0770000,24.6530000,24.8820000,18215500
20140725,000000,24.8320000,25.0300000,24.5490000,24.8600000,15903600
20140728,000000,24.7980000,25.0000000,24.4210000,24.5860000,19335700
20140729,000000,24.6000000,24.9920000,24.5770000,24.8210000,18461000
20140730,000000,24.7300000,25.3000000,24.6500000,24.7920000,21344000
20140731,000000,24.8500000,25.0180000,24.7780000,24.8600000,13322300
20140801,000000,24.8550000,25.6270000,24.6010000,25.5110000,16745300
20140804,000000,25.5000000,26.4350000,25.2500000,26.4350000,39337300
20140805,000000,26.3000000,26.3000000,25.3500000,25.3650000,23836000
20140806,000000,25.3650000,25.6280000,25.0000000,25.1080000,30476300
20140807,000000,25.0010000,25.4460000,24.9590000,25.0720000,26959400
20140808,000000,25.1500000,25.5920000,25.0650000,25.2690000,15607600
20140811,000000,25.4600000,25.9000000,25.4000000,25.4700000,13283700
20140812,000000,25.5860000,25.6630000,25.3030000,25.3550000,10203000
20140813,000000,25.3940000,25.9550000,25.3550000,25.8740000,24106900
20140814,000000,25.9160000,26.4690000,25.7300000,26.2500000,24271500
20140815,000000,26.2510000,26.3770000,26.0200000,26.1160000,16950500
20140818,000000,26.0430000,26.2550000,25.7780000,26.0380000,11612100
20140819,000000,26.0350000,26.7000000,25.9740000,26.5900000,16549700
20140820,000000,26.5900000,26.9150000,26.4200000,26.8590000,14485400
20140821,000000,26.8000000,27.2000000,26.8000000,27.1500000,18504800
20140822,000000,27.1590000,27.2110000,26.5230000,26.5830000,17982900
20140825,000000,26.8770000,26.8770000,26.5920000,26.6500000,6634000
20140826,000000,26.7500000,26.7650000,26.5000000,26.5000000,10450800
20140827,000000,26.6000000,26.7250000,26.3000000,26.6400000,14599500
20140828,000000,26.6400000,26.6400000,25.7890000,26.2000000,34274200
20140829,000000,26.0970000,26.4830000,25.5250000,25.5250000,17068900
20140901,000000,25.8100000,26.3000000,25.6010000,25.6010000,23384200
20140902,000000,25.6370000,25.9950000,25.5220000,25.9950000,9348500
20140903,000000,25.9550000,26.8170000,25.9330000,26.3230000,26941500
20140904,000000,26.4130000,26.9320000,26.3500000,26.7750000,14627700
20140905,000000,26.8160000,27.0250000,26.6090000,26.7660000,15229800
20140908,000000,26.7500000,26.8970000,26.4620000,26.5260000,14227700
20140909,000000,26.5500000,26.8900000,26.5500000,26.8110000,9258000
20140910,000000,26.7650000,27.2000000,26.6710000,27.0600000,14508300
20140911,000000,27.1280000,27.3440000,26.9400000,26.9400000,16309000
20140912,000000,26.9000000,27.5500000,26.7630000,26.9500000,25913800
20140915,000000,26.9440000,27.2300000,26.5630000,27.0440000,42269200
20140916,000000,26.9550000,27.6300000,26.9030000,27.3800000,19844000
20140917,000000,27.3500000,27.7770000,27.2100000,27.3500000,22632000
20140918,000000,27.3050000,27.7200000,27.1130000,27.3100000,16444200
20140919,000000,27.2800000,27.4500000,26.6740000,27.1360000,22380200
20140922,000000,27.0340000,27.2600000,26.8000000,26.8000000,9665600
20140923,000000,26.8670000,27.4000000,26.8140000,27.2630000,10305200
20140924,000000,27.3400000,27.6000000,27.3100000,27.4590000,15353200
20140925,000000,27.5400000,27.6590000,26.9300000,26.9300000,16242400
20140926,000000,26.9290000,27.1300000,26.7400000,26.9770000,15664200
20140929,000000,27.0560000,27.3260000,26.2470000,26.3840000,25212200
20140930,000000,26.4500000,26.6220000,25.9530000,26.0400000,23533400
20141001,000000,26.0550000,26.5000000,25.8850000,26.0550000,16143800
20141002,000000,26.0500000,26.1400000,25.3800000,25.4800000,23453500
20141003,000000,25.7000000,26.4000000,25.6100000,26.0100000,23767600
20141006,000000,26.2300000,26.9000000,26.1750000,26.5500000,25913100
20141007,000000,26.6400000,26.8400000,26.0150000,26.5500000,18980000
20141008,000000,26.4000000,26.4450000,26.0100000,26.0100000,17176100
20141009,000000,26.2300000,26.4800000,26.0500000,26.1000000,17831700
20141010,000000,25.9450000,25.9900000,25.6700000,25.7500000,14684600
20141013,000000,25.7350000,26.6700000,25.7000000,26.4750000,18856000
20141014,000000,26.5400000,27.0400000,26.4700000,26.6400000,21235100
20141015,000000,26.5900000,26.8700000,26.3500000,26.4000000,16738000
20141016,000000,26.4300000,26.9350000,26.1000000,26.2000000,29733800
20141017,000000,26.3900000,27.2200000,26.3350000,26.9650000,31315500
20141020,000000,27.1500000,27.2100000,26.4500000,26.5500000,24197700
20141021,000000,26.5350000,26.8000000,26.2050000,26.4700000,18082300
20141022,000000,26.5750000,26.7200000,26.0000000,26.0000000,29623800
20141023,000000,25.9800000,26.1500000,25.7000000,25.9950000,31064300
20141024,000000,25.9500000,26.3350000,25.8350000,26.2150000,29835100
20141027,000000,26.4300000,26.8800000,26.4100000,26.6900000,24900500
20141028,000000,26.7600000,27.2500000,26.7500000,26.8450000,26277800
20141029,000000,27.1950000,27.4000000,26.7600000,27.4000000,33117700
20141030,000000,27.2000000,27.6900000,27.0000000,27.4800000,41468600
20141031,000000,27.6250000,28.7950000,27.4600000,28.7950000,61835400
20141103,000000,28.5500000,28.6000000,28.1750000,28.2300000,13552700
20141105,000000,28.0400000,28.4750000,27.7600000,28.4750000,29042700
20141106,000000,28.4400000,29.1300000,27.9000000,28.1950000,31253300
20141107,000000,28.4450000,29.1700000,27.7200000,27.7650000,49774700
20141110,000000,27.9550000,28.7750000,27.7750000,28.6400000,46293600
20141111,000000,28.7000000,29.0800000,28.5600000,28.8150000,24567100
20141112,000000,28.7450000,29.0500000,28.5050000,28.8150000,19092800
20141113,000000,28.8450000,28.9450000,28.3050000,28.3050000,15479100
20141114,000000,28.3000000,28.9900000,28.1000000,28.9500000,29596900
20141117,000000,28.9000000,29.1700000,28.7750000,29.0050000,14679800
20141118,000000,28.9350000,29.2800000,28.7000000,29.1650000,28316900
20141119,000000,29.2700000,30.0850000,29.1650000,29.8850000,36012300
20141120,000000,29.9000000,30.6800000,29.8050000,30.0600000,37157900
20141121,000000,30.1300000,30.2850000,29.4300000,29.7000000,30050000
20141124,000000,29.7050000,29.7100000,29.0600000,29.5450000,16169900
20141125,000000,29.4400000,29.9000000,29.0450000,29.4400000,20162600
20141126,000000,29.3950000,29.5750000,29.0700000,29.4350000,22184100
20141127,000000,29.3700000,29.4900000,28.6350000,28.7550000,29097500
20141128,000000,28.6800000,29.4650000,28.5550000,29.2000000,25644300
20141201,000000,28.9950000,30.6200000,28.9500000,30.2850000,42680600
20141202,000000,30.2850000,31.1050000,29.4950000,30.7900000,43974500
20141203,000000,30.9200000,31.4250000,30.5000000,31.2700000,32432600
20141204,000000,31.1000000,31.6750000,30.6550000,30.8000000,30394300
20141205,000000,30.8000000,31.0700000,29.7000000,29.8500000,27011500
20141208,000000,29.9500000,30.7700000,28.6950000,28.8950000,34740300
20141209,000000,28.9900000,29.1050000,28.3900000,28.6200000,35266400
20141210,000000,28.7450000,29.1600000,28.2200000,28.3100000,28397800
20141211,000000,28.3400000,28.8300000,27.0450000,27.2200000,41149800
20141212,000000,27.0700000,28.7900000,26.2000000,26.4500000,61129700
20141215,000000,26.7000000,27.1800000,24.5000000,25.1000000,65384200
20141216,000000,25.1000000,25.9900000,21.8150000,24.6200000,76468800
20141217,000000,24.6150000,25.5900000,23.1250000,23.5400000,80753400
20141218,000000,23.8000000,26.1900000,23.8000000,24.6600000,69235400
20141219,000000,24.7800000,25.5950000,24.1650000,24.4200000,43255400
20141222,000000,25.0150000,25.4000000,24.2000000,24.7850000,44725400
20141223,000000,24.8050000,25.0900000,24.4000000,24.6200000,28843800
20141224,000000,24.6000000,24.8000000,24.2150000,24.5000000,16488600
20141225,000000,24.5000000,24.6650000,23.8050000,24.0250000,14724300
20141226,000000,24.1250000,24.5000000,24.0500000,24.3000000,12182900
20141229,000000,24.3650000,25.6500000,24.1600000,24.5200000,22678400
20141230,000000,24.5800000,24.6250000,23.2050000,23.5200000,22606400
