20140106,000000,205.8200000,205.8200000,199.8000000,200.4000000,1423150
20140108,000000,200.2900000,200.8700000,196.7300000,197.1200000,1452110
20140109,000000,197.4400000,200.8900000,196.5000000,199.1100000,1500760
20140110,000000,198.5400000,199.9100000,196.2300000,199.6900000,1875520
20140113,000000,199.5200000,203.0000000,198.8500000,201.5000000,961920
20140114,000000,199.3400000,199.3400000,196.3600000,197.2000000,1529130
20140115,000000,197.9900000,199.6400000,197.7600000,198.4100000,1184440
20140116,000000,198.9500000,198.9500000,197.1400000,198.0500000,1331140
20140117,000000,197.6300000,200.2000000,197.1300000,199.5000000,1283020
20140120,000000,198.5500000,199.9000000,198.1400000,199.1900000,540500
20140121,000000,200.3800000,201.9000000,199.7100000,200.3900000,853090
20140122,000000,199.7000000,200.2100000,198.3300000,199.2000000,1319690
20140123,000000,199.2600000,203.8100000,198.7500000,201.0700000,1400710
20140124,000000,199.8000000,201.6600000,197.0200000,198.0000000,2672850
20140127,000000,196.8700000,200.5200000,196.6100000,197.3600000,2711730
20140128,000000,198.1900000,198.4800000,193.2800000,193.7900000,2733750
20140129,000000,194.5200000,200.6900000,193.8700000,197.1400000,3703160
20140130,000000,197.0800000,199.6800000,195.2500000,199.2100000,1802970
20140131,000000,198.6700000,199.5700000,194.2700000,195.4900000,2022390
20140203,000000,195.9900000,196.3300000,192.3000000,192.6200000,1276820
20140204,000000,191.3000000,191.7900000,188.6900000,188.9600000,2015730
20140205,000000,190.1200000,194.4700000,189.2200000,193.0900000,1957730
20140206,000000,194.0400000,199.9000000,191.9300000,199.5900000,3081700
20140207,000000,200.3900000,202.0000000,198.4500000,201.8900000,2352520
20140210,000000,201.8200000,203.6000000,200.3500000,203.3200000,1746380
20140211,000000,203.5900000,207.4900000,202.7500000,207.4900000,2073810
20140212,000000,207.9800000,213.4000000,207.3000000,212.6600000,2622350
20140213,000000,211.5000000,212.7700000,209.2400000,210.2000000,2392180
20140214,000000,210.6000000,212.5100000,209.4200000,212.1200000,1341580
20140217,000000,212.7700000,214.5500000,210.9600000,213.1200000,1333130
20140218,000000,213.0000000,216.6300000,212.5000000,213.7700000,1716930
20140219,000000,213.9900000,216.0000000,212.0000000,214.1100000,1517550
20140220,000000,212.6200000,212.6200000,207.8700000,209.2900000,2462660
20140221,000000,210.2000000,212.6700000,210.0500000,211.8400000,1240560
20140224,000000,212.0700000,214.8600000,211.2500000,214.5000000,1527310
20140225,000000,214.5400000,215.3200000,208.9900000,209.4800000,3811810
20140226,000000,210.2000000,210.9400000,208.5100000,209.4100000,3075630
20140227,000000,209.8100000,210.7000000,206.1100000,208.5000000,2125830
20140228,000000,208.3300000,211.1900000,206.5000000,211.1900000,2322720
20140303,000000,205.0000000,206.5000000,198.3300000,205.6700000,5818750
20140304,000000,206.7200000,214.4000000,206.0800000,207.5000000,3738300
20140305,000000,209.0500000,209.3100000,199.4900000,204.9200000,2836360
20140306,000000,204.8900000,206.8700000,200.5000000,204.4200000,2804770
20140307,000000,205.6500000,208.5100000,201.7100000,205.9900000,2156670
20140311,000000,205.6000000,206.7500000,201.3000000,203.3400000,1933120
20140312,000000,202.5200000,203.1800000,195.8700000,196.0000000,2681870
20140313,000000,197.3600000,199.0000000,189.0000000,189.7500000,4119430
20140314,000000,185.7700000,188.0500000,180.5000000,188.0000000,4623650
20140317,000000,189.0000000,196.8800000,187.6100000,194.2900000,4799560
20140318,000000,195.1500000,199.0000000,190.6600000,197.5200000,3074610
20140319,000000,197.3600000,199.8000000,191.2200000,191.9800000,2762980
20140320,000000,190.9900000,194.1900000,190.2000000,193.0100000,1808730
20140321,000000,191.0100000,197.7000000,181.6400000,195.6300000,3971340
20140324,000000,195.6300000,199.7000000,187.3000000,188.1800000,3481760
20140325,000000,188.1800000,193.4300000,185.7700000,190.9700000,2600450
20140326,000000,192.0000000,197.2000000,190.5200000,194.8700000,2628100
20140327,000000,194.7500000,198.0000000,191.0500000,197.7000000,2050780
20140328,000000,197.7000000,199.6800000,195.8500000,199.0000000,2242140
20140331,000000,199.5000000,200.0000000,195.7200000,200.0000000,2507380
20140401,000000,200.3700000,202.8800000,197.1000000,201.1400000,2841390
20140402,000000,201.0000000,201.6800000,196.1400000,199.5000000,2131800
20140403,000000,199.0000000,201.0000000,195.1900000,198.9000000,1648340
20140404,000000,198.5300000,204.8600000,197.1200000,204.1500000,2751410
20140407,000000,202.3800000,204.0800000,198.9900000,203.0000000,3965880
20140408,000000,202.9600000,209.6000000,200.0700000,209.0200000,3117000
20140409,000000,208.7100000,214.0000000,207.5000000,212.6300000,2555360
20140410,000000,213.5000000,219.0000000,211.2200000,219.0000000,3181640
20140411,000000,216.6000000,220.7700000,216.3300000,217.0000000,2458850
20140414,000000,216.9700000,217.2500000,212.4600000,213.8000000,2123720
20140415,000000,214.1300000,215.3300000,208.2300000,209.1000000,2277660
20140416,000000,210.3900000,212.0000000,207.5200000,208.0000000,2296620
20140417,000000,209.0000000,211.9000000,206.0000000,208.5000000,1867460
20140418,000000,214.3700000,214.4800000,211.1000000,211.9900000,809720
20140421,000000,210.2300000,212.7300000,208.9200000,209.2500000,806040
20140422,000000,209.0000000,210.1700000,207.0500000,209.3600000,999450
20140423,000000,208.6100000,210.9400000,207.5000000,209.7500000,1732590
20140424,000000,209.8000000,210.7400000,205.7500000,208.5100000,1796670
20140425,000000,206.5000000,207.4000000,204.1100000,205.7800000,1276970
20140428,000000,205.0100000,209.6900000,201.2100000,207.3300000,1737630
20140429,000000,209.0900000,211.7000000,206.5100000,206.8900000,1843930
20140430,000000,207.9700000,207.9700000,202.1000000,203.3900000,2124940
20140502,000000,203.0300000,203.2600000,200.0200000,201.9300000,1424950
20140505,000000,200.6500000,203.3900000,200.2800000,202.0000000,539060
20140506,000000,202.0300000,205.9400000,201.5500000,204.6800000,1095260
20140507,000000,204.0000000,214.4800000,203.8300000,210.3400000,1993660
20140508,000000,210.9700000,213.3200000,208.3200000,209.5800000,1684810
20140512,000000,210.8000000,212.3800000,209.0000000,210.8700000,1120900
20140513,000000,211.4000000,213.3800000,208.7400000,209.8800000,973130
20140514,000000,210.9900000,213.9100000,208.1800000,213.9100000,1277780
20140515,000000,213.7000000,214.4700000,208.1300000,209.1800000,1602470
20140516,000000,208.6000000,210.4100000,208.1000000,209.0000000,1524430
20140519,000000,209.8900000,215.0000000,209.4900000,213.5100000,2094150
20140520,000000,213.9700000,218.3300000,213.5300000,218.0000000,2498290
20140521,000000,218.6400000,221.3200000,216.5200000,221.3200000,2407480
20140522,000000,221.2100000,222.7500000,218.1600000,221.0000000,1199550
20140523,000000,221.0600000,221.3100000,217.3000000,217.9400000,1551130
20140526,000000,218.6300000,220.2300000,217.7300000,219.2200000,574680
20140527,000000,218.3400000,218.5700000,210.2700000,210.7900000,2562010
20140528,000000,211.7400000,212.1200000,208.8000000,210.9700000,1410850
20140529,000000,211.2000000,213.1500000,210.0200000,210.2000000,986800
20140530,000000,210.3700000,212.3000000,202.1000000,202.1000000,3171030
20140602,000000,204.2300000,211.9500000,204.2300000,208.6000000,1882530
20140603,000000,207.7900000,210.7400000,206.8700000,210.6000000,1305420
20140604,000000,210.9800000,211.8100000,209.8000000,210.4700000,802090
20140605,000000,210.6500000,214.0000000,208.0200000,208.7900000,1414090
20140606,000000,209.7900000,210.7100000,207.0100000,209.5500000,1649510
20140609,000000,209.6100000,210.5300000,207.0300000,207.6300000,932100
20140610,000000,207.7300000,211.0000000,206.4000000,211.0000000,1568140
20140611,000000,210.9700000,213.0000000,209.9800000,213.0000000,1885640
20140616,000000,213.0700000,220.0000000,210.9700000,219.2500000,5549000
20140617,000000,219.8000000,222.8300000,218.8600000,222.7700000,1859660
20140618,000000,222.7800000,225.8000000,222.1400000,224.7000000,2920880
20140619,000000,225.8700000,226.4800000,223.6200000,224.6400000,1632200
20140620,000000,224.8500000,225.3800000,221.6800000,223.6300000,1485810
20140623,000000,224.1000000,226.4000000,223.2200000,225.9500000,1436270
20140624,000000,226.3000000,230.9400000,225.9000000,229.8200000,1742360
20140625,000000,229.2200000,229.9000000,223.6000000,224.9200000,1401440
20140626,000000,225.3600000,225.7500000,219.1200000,221.1400000,1541090
20140627,000000,220.5400000,222.4800000,218.1500000,222.4800000,2039000
20140630,000000,222.1000000,222.1000000,218.3200000,221.8800000,1205640
20140701,000000,220.8900000,222.1000000,218.3000000,222.0000000,982260
20140702,000000,221.4700000,228.4500000,221.4100000,228.4500000,1435920
20140703,000000,228.2600000,228.2600000,225.6200000,226.5600000,680780
20140704,000000,226.7800000,227.8800000,222.0000000,222.0500000,1171650
20140707,000000,223.5000000,229.2400000,222.5700000,229.2000000,1291290
20140708,000000,228.6200000,232.8400000,228.0300000,230.5000000,1392280
20140709,000000,229.8900000,229.9200000,225.1000000,228.0000000,1567530
20140710,000000,227.7300000,228.8800000,223.1000000,225.9100000,2079450
20140711,000000,225.6000000,230.0000000,224.1000000,228.8900000,1106940
20140714,000000,228.9600000,234.8300000,228.2300000,231.0000000,2539300
20140715,000000,223.9200000,226.2100000,220.3500000,222.3700000,1782500
20140716,000000,221.3700000,224.0000000,220.5000000,224.0000000,1546000
20140717,000000,222.5500000,223.8700000,217.7700000,219.8800000,2256690
20140718,000000,216.6000000,219.1300000,214.5700000,216.9600000,2147630
20140721,000000,217.0000000,218.9000000,212.5300000,215.2800000,2674280
20140722,000000,215.5300000,222.4600000,215.5100000,220.2000000,1832040
20140723,000000,220.6600000,222.0000000,218.0000000,220.7200000,1001670
20140724,000000,219.2200000,224.9000000,219.1100000,224.9000000,1182530
20140725,000000,224.2200000,224.4800000,221.6200000,224.4800000,1462460
20140728,000000,223.0400000,224.6200000,217.2000000,217.2000000,1673850
20140729,000000,218.1900000,220.8800000,216.5800000,218.4800000,1180850
20140730,000000,217.3000000,222.1400000,216.2500000,216.2500000,1974740
20140731,000000,216.8500000,217.9200000,211.1200000,212.9000000,2767180
20140801,000000,212.1200000,212.7900000,208.0000000,211.9000000,1844260
20140804,000000,211.0000000,215.0000000,210.3000000,215.0000000,2047770
20140805,000000,214.1900000,215.2700000,209.5700000,209.7500000,2093110
20140806,000000,209.8800000,212.8000000,207.0100000,209.5000000,1662900
20140807,000000,209.0000000,210.3900000,204.6000000,208.2000000,2480340
20140808,000000,208.7500000,211.9900000,206.6200000,208.3300000,2340160
20140811,000000,210.7600000,214.3700000,209.4000000,212.7000000,1341680
20140812,000000,213.8600000,216.0900000,212.3300000,215.1000000,1208900
20140813,000000,214.9500000,221.1900000,214.7400000,220.6700000,1791300
20140814,000000,220.2900000,222.1500000,218.9200000,220.0100000,3076820
20140815,000000,220.3900000,223.2300000,219.5000000,221.1900000,1204730
20140818,000000,221.5100000,223.9400000,221.2000000,223.9400000,1169960
20140819,000000,223.4800000,224.6200000,222.5300000,223.8000000,848950
20140820,000000,224.0000000,232.0000000,223.4600000,232.0000000,1549930
20140821,000000,230.0000000,235.3300000,228.8200000,235.0000000,3667600
20140822,000000,234.1200000,234.6000000,228.0600000,230.5000000,1950750
20140825,000000,229.9800000,232.7500000,229.2600000,232.0000000,397470
20140826,000000,232.0300000,233.3300000,230.6500000,232.8000000,980100
20140827,000000,233.6100000,234.9100000,232.4700000,233.8000000,982170
20140828,000000,233.6500000,234.0000000,230.7200000,232.7500000,1974290
20140829,000000,232.1000000,232.6500000,228.0000000,228.0000000,1520510
20140901,000000,230.2600000,231.3200000,227.0600000,227.3000000,2224120
20140902,000000,227.1300000,230.6500000,226.0300000,229.5000000,860520
20140903,000000,230.2900000,239.8000000,229.0100000,235.4500000,3358830
20140904,000000,235.8700000,242.3300000,234.8600000,240.9800000,2610360
20140905,000000,239.9800000,247.3700000,239.4100000,242.7000000,2268170
20140908,000000,243.0700000,247.2200000,243.0100000,246.1900000,1403270
20140909,000000,246.5000000,247.9700000,243.3100000,244.2600000,997480
20140910,000000,242.9700000,243.3000000,238.6000000,240.5500000,1237710
20140911,000000,240.4900000,241.2300000,234.4900000,234.5500000,2506370
20140912,000000,235.0000000,238.3400000,233.3100000,234.9000000,1941500
20140915,000000,234.5900000,239.6700000,234.4600000,239.6700000,3369830
20140916,000000,238.9000000,242.5100000,238.0100000,239.0000000,1794310
20140917,000000,239.7500000,243.4800000,235.0000000,239.8700000,2884870
20140918,000000,239.5500000,239.8300000,236.7400000,237.2100000,1138940
20140919,000000,237.2300000,237.8800000,230.0600000,230.8900000,3640880
20140922,000000,231.2300000,232.7800000,227.6500000,227.6500000,1185860
20140923,000000,228.8900000,236.2300000,228.4100000,235.6000000,2138790
20140924,000000,236.0800000,239.2100000,235.5100000,237.5000000,1554060
20140925,000000,237.6800000,239.8000000,233.4000000,235.7500000,1461950
20140926,000000,233.7300000,238.1000000,232.7800000,235.9700000,1899450
20140929,000000,236.9400000,238.9800000,231.7500000,231.7500000,2135710
20140930,000000,233.0400000,235.9700000,231.1000000,232.0000000,2319080
20141001,000000,232.0000000,233.1500000,228.7000000,230.0000000,1711330
20141002,000000,229.0000000,230.0000000,225.5500000,225.9500000,2417890
20141003,000000,227.4500000,232.4500000,225.4000000,226.0000000,2150090
20141006,000000,228.0000000,237.0000000,227.5000000,235.7500000,2205030
20141007,000000,236.0000000,237.5000000,234.0000000,235.7500000,1502830
20141008,000000,234.8000000,235.9500000,230.9500000,230.9500000,1571360
20141009,000000,233.1000000,235.0000000,228.0000000,228.0500000,1424260
20141010,000000,226.8000000,230.1500000,226.0000000,226.0000000,1765530
20141013,000000,226.0000000,232.4000000,225.1000000,230.0000000,1459360
20141014,000000,230.1500000,233.8000000,228.0000000,229.4500000,1923750
20141015,000000,228.7000000,230.0000000,224.3500000,224.9000000,2810950
20141016,000000,225.3000000,227.6500000,219.1500000,219.7000000,2318700
20141017,000000,221.8500000,227.0500000,221.1000000,224.4500000,2310830
20141020,000000,226.5000000,226.8000000,220.3500000,222.5000000,1221250
20141021,000000,221.9000000,224.0500000,219.2000000,221.5000000,1411720
20141022,000000,222.4500000,223.9000000,217.7000000,219.4000000,1693570
20141023,000000,218.0000000,221.5000000,215.2500000,220.7500000,2239360
20141024,000000,220.2000000,221.3500000,217.0000000,221.0000000,1184760
20141027,000000,222.7000000,226.8000000,221.6000000,224.1500000,1691330
20141028,000000,225.0000000,231.5500000,224.4000000,228.0000000,1850670
20141029,000000,229.5000000,242.3000000,228.2500000,242.3000000,3736610
20141030,000000,241.1000000,245.0000000,238.7000000,244.5500000,2722490
20141031,000000,246.0500000,259.8000000,245.2000000,259.8000000,3329310
20141103,000000,257.8000000,261.9500000,254.8000000,257.2500000,1181570
20141105,000000,254.6000000,254.8500000,247.0500000,249.0000000,2828240
20141106,000000,249.5000000,256.0000000,248.6000000,253.1500000,1995870
20141107,000000,253.9000000,264.2500000,250.5500000,255.5000000,3251330
20141110,000000,256.7500000,260.3000000,252.9500000,257.5000000,1023000
20141111,000000,255.5500000,262.7500000,255.5000000,260.0500000,1258550
20141112,000000,260.9000000,262.5000000,253.9500000,253.9500000,1617550
20141113,000000,255.0000000,255.9500000,247.4000000,247.4000000,1638740
20141114,000000,245.5000000,253.8000000,245.1500000,249.4000000,1495140
20141117,000000,248.3500000,254.2000000,247.5500000,254.2000000,983020
20141118,000000,254.0500000,254.8000000,247.5000000,250.3500000,1745940
20141119,000000,250.0000000,252.0500000,248.2500000,252.0000000,1692960
20141120,000000,252.1000000,260.5500000,248.5000000,260.5000000,2258320
20141121,000000,261.2000000,262.8500000,252.2000000,252.2000000,1880060
20141124,000000,253.0000000,253.6500000,247.4000000,249.5000000,1117850
20141125,000000,249.0000000,249.8000000,245.0500000,245.7500000,1319950
20141126,000000,245.9000000,249.6500000,243.1000000,248.5000000,1721190
20141127,000000,247.0000000,257.7500000,246.5000000,253.9500000,1968010
20141128,000000,252.5000000,257.5000000,247.2500000,248.6500000,2659770
20141201,000000,247.0000000,267.0000000,244.6500000,260.0000000,3428660
20141202,000000,260.9000000,261.6000000,249.6000000,257.8500000,2775490
20141203,000000,257.1500000,263.0000000,254.3500000,258.5000000,2112430
20141204,000000,258.7000000,263.4000000,252.8000000,254.3000000,3437970
20141205,000000,255.9000000,257.0500000,238.8500000,242.4000000,3530540
20141208,000000,242.8000000,248.0000000,235.1500000,238.7000000,2057080
20141209,000000,238.8000000,246.1500000,236.5000000,243.7500000,1623290
20141210,000000,246.0000000,252.0000000,241.5000000,242.0000000,1759410
20141211,000000,243.6000000,245.8000000,234.2500000,235.6000000,2001860
20141212,000000,235.0000000,247.2500000,228.3000000,231.5000000,3268280
20141215,000000,233.0000000,240.5500000,221.6500000,221.8500000,4046570
20141216,000000,219.7500000,244.2500000,212.9500000,225.4000000,6367420
20141217,000000,228.2500000,231.9000000,208.8500000,210.6500000,5372870
20141218,000000,212.9500000,228.3000000,209.6000000,224.5000000,3837030
20141219,000000,223.9000000,226.9500000,211.7000000,214.1000000,2268710
20141222,000000,219.6500000,219.7500000,210.3500000,219.5000000,2137910
20141223,000000,217.2000000,221.3000000,212.2500000,214.1000000,1418650
20141224,000000,214.0000000,221.4000000,213.8500000,219.6500000,1235200
20141225,000000,218.6500000,225.5500000,215.0000000,225.3500000,709150
20141226,000000,225.7000000,238.2000000,225.7000000,238.2000000,1012840
20141229,000000,236.3000000,249.9500000,230.6500000,246.4500000,2099140
20141230,000000,242.7500000,243.0000000,225.0500000,228.5000000,2256780
