20140101,2040.00,2040.00,2040.00,2040.00,000
20140102,2040.00,2040.00,2040.00,2040.00,000
20140103,2040.00,2040.00,2040.00,2040.00,000
20140106,2007.50,2023.00,1990.00,1990.00,809000
20140107,1990.00,1990.00,1990.00,1990.00,000
20140108,1994.90,1994.90,1953.40,1956.00,665600
20140109,1961.10,1979.90,1952.30,1979.20,1209700
20140110,1977.00,1998.00,1965.40,1992.90,1087200
20140113,1982.70,2016.50,1981.00,2001.00,1104200
20140114,1988.30,1993.70,1965.30,1980.00,1258300
20140115,1988.50,2000.20,1981.00,1989.10,1106600
20140116,1998.60,1998.60,1975.90,1975.90,924000
20140117,1979.60,2001.00,1972.60,1980.90,921500
20140120,1980.20,1999.00,1970.70,1997.00,775000
20140121,2000.50,2007.60,1996.00,2000.10,871900
20140122,2000.50,2005.50,1990.50,2000.00,1081200
20140123,2000.50,2015.90,1976.40,1980.10,1125300
20140124,1970.00,1979.30,1952.00,1952.00,2479500
20140127,1950.00,1982.30,1946.00,1961.00,1859600
20140128,1961.90,1988.00,1957.00,1974.60,1386200
20140129,1984.00,2001.70,1951.00,1960.90,1974100
20140130,1965.10,2001.00,1962.30,1996.70,2090300
20140131,1997.90,2009.00,1981.00,1983.10,1453400
20140203,1993.10,2007.50,1966.40,1967.00,1167300
20140204,1961.10,1983.50,1957.20,1969.10,1076200
20140205,1972.00,1979.70,1960.50,1965.20,1013100
20140206,1970.70,1974.90,1960.70,1970.10,977100
20140207,1979.00,1992.40,1966.50,1975.50,1144200
20140210,1979.00,1997.10,1973.40,1987.50,733500
20140211,1989.10,2018.30,1981.40,2016.40,1142700
20140212,2024.10,2038.00,2013.60,2030.00,722500
20140213,2021.00,2032.50,2014.00,2023.00,1175600
20140214,2030.30,2043.70,2021.10,2039.00,1339800
20140217,2039.30,2067.60,2039.30,2049.00,983000
20140218,2051.00,2063.40,2030.40,2041.10,1316500
20140219,2033.70,2052.70,1997.70,2027.30,2933200
20140220,2019.00,2043.80,2001.10,2038.50,1903900
20140221,2045.50,2055.00,2029.30,2029.30,745700
20140224,2030.30,2037.80,2015.60,2033.30,460400
20140225,2033.00,2036.90,2000.20,2007.60,791700
20140226,2012.30,2023.50,2000.00,2009.00,913000
20140227,2010.20,2020.00,1962.90,2003.00,1350200
20140228,1995.70,2025.90,1963.00,1967.60,2899100
20140303,1932.00,1939.90,1715.00,1835.00,5355800
20140304,1839.00,1933.20,1836.40,1909.00,3795200
20140305,1911.00,1939.90,1871.00,1923.00,2094500
20140306,1921.00,1939.80,1826.20,1895.00,3287200
20140307,1880.40,1970.30,1871.00,1957.10,2372400
20140310,1957.10,1957.10,1957.10,1957.10,000
20140311,1950.00,1968.90,1934.00,1940.00,1746600
20140312,1921.10,1934.00,1881.50,1895.00,2454900
20140313,1947.00,1947.00,1831.00,1838.80,2204800
20140314,1820.00,1882.40,1762.60,1881.80,3769500
20140317,1881.80,1881.80,1881.80,1881.80,000
20140318,1881.80,1881.80,1881.80,1881.80,000
20140319,1881.80,1881.80,1881.80,1881.80,000
20140320,1881.80,1881.80,1881.80,1881.80,000
20140321,1881.80,1881.80,1881.80,1881.80,000
20140324,1904.90,1945.00,1863.80,1870.00,1364200
20140325,1875.10,1904.90,1853.60,1877.30,1502100
20140326,1889.00,1935.00,1881.10,1919.00,1361000
20140327,1912.00,1919.00,1881.40,1908.00,1021200
20140328,1915.00,1928.40,1900.40,1900.60,1153400
20140331,1922.30,1961.90,1900.00,1960.00,1276500
20140401,1955.10,1973.50,1943.30,1965.60,1362600
20140402,1960.00,1969.90,1923.90,1954.00,992300
20140403,1956.00,1964.90,1940.20,1954.00,812800
20140404,1959.30,1982.00,1938.00,1966.00,1020900
20140407,1950.00,1954.80,1901.10,1920.00,1677000
20140408,1920.00,1937.70,1894.60,1920.00,1649500
20140409,1922.90,1926.40,1888.80,1900.00,1384600
20140410,1910.00,1915.20,1890.10,1913.00,1667800
20140411,1898.10,1922.90,1883.20,1898.10,1271900
20140414,1881.90,1902.70,1873.30,1880.00,1287300
20140415,1880.00,1885.30,1843.30,1850.00,1020300
20140416,1895.80,1895.80,1833.00,1865.00,1361400
20140417,1873.60,1883.00,1841.00,1864.10,883400
20140418,1900.00,1923.00,1895.00,1899.90,817800
20140421,1906.00,1923.00,1881.00,1889.00,766600
20140422,1890.00,1890.50,1862.60,1873.40,882600
20140423,1879.10,1882.90,1863.30,1880.10,692900
20140424,1885.00,1895.50,1842.30,1856.70,1449800
20140425,1856.20,1866.50,1828.20,1838.00,1478600
20140428,1818.10,1876.00,1815.60,1865.00,1183500
20140429,1884.00,1899.90,1871.00,1889.30,1070100
20140430,1891.90,1895.00,1860.50,1880.10,730200
20140501,1880.10,1880.10,1880.10,1880.10,000
20140502,1865.00,1889.90,1862.50,1884.10,454300
20140505,1874.30,1884.00,1850.50,1866.00,555000
20140506,1870.00,1898.00,1860.30,1884.80,930000
20140507,1870.00,1938.00,1869.00,1919.00,1618800
20140508,1920.00,1956.40,1909.30,1942.80,1220500
20140509,1942.80,1942.80,1942.80,1942.80,000
20140512,1935.00,1967.00,1923.10,1950.00,1003000
20140513,1951.60,1964.50,1921.70,1931.30,962600
20140514,1931.40,1931.60,1908.50,1910.90,1339600
20140515,1911.30,1929.50,1889.00,1890.00,1219500
20140516,1894.90,1919.00,1881.00,1919.00,966200
20140519,1915.00,1954.80,1914.60,1938.00,1368900
20140520,1939.50,1979.00,1938.00,1979.00,1474700
20140521,1989.70,2005.30,1962.00,1995.00,1506000
20140522,1995.30,1999.70,1953.00,1965.20,1048400
20140523,1967.00,1975.00,1947.70,1957.00,845400
20140526,1960.80,1984.20,1958.50,1972.00,486400
20140527,1972.00,1972.00,1922.30,1930.30,1421100
20140528,1937.00,1949.40,1923.00,1944.90,782600
20140529,1949.80,1977.90,1943.10,1977.70,1115300
20140530,1978.00,1989.90,1965.50,1968.00,1351800
20140602,1978.50,2041.70,1977.10,2037.00,1273200
20140603,2027.00,2052.00,2020.00,2050.00,1119100
20140604,1992.60,2058.50,1992.60,2047.00,870700
20140605,2039.10,2059.90,2028.70,2035.00,844600
20140606,2035.50,2045.50,2015.30,2030.60,1135500
20140609,2030.80,2045.00,2018.00,2025.00,716300
20140610,2028.10,2069.50,2017.60,2061.40,968200
20140611,2051.10,2097.90,2051.10,2097.90,1128600
20140612,2097.90,2097.90,2097.90,2097.90,000
20140613,2097.90,2097.90,2097.90,2097.90,000
20140616,2092.20,2153.30,2067.30,2149.00,3720700
20140617,2205.10,2205.10,2122.50,2130.00,1494400
20140618,2135.00,2152.30,2121.80,2126.90,1129600
20140619,2140.00,2147.90,2112.00,2112.10,1140100
20140620,2119.00,2127.30,2086.10,2100.00,1067400
20140623,2122.60,2122.60,2073.50,2082.60,1145000
20140624,2084.30,2105.00,2078.00,2099.10,1140000
20140625,2087.20,2103.90,2035.10,2037.40,1263100
20140626,2049.00,2061.40,2021.60,2028.60,1666600
20140627,2030.70,2036.50,2007.00,2021.00,760800
20140630,2020.50,2036.00,2012.00,2036.00,720800
20140701,2035.10,2065.40,2022.30,2063.90,996100
20140702,2065.90,2110.30,2060.90,2110.00,1034500
20140703,2113.00,2114.30,2086.00,2089.90,644000
20140704,2095.00,2100.90,2048.20,2062.90,809100
20140707,2062.00,2126.00,2055.90,2113.00,1080900
20140708,2112.60,2143.00,2112.60,2122.90,1080500
20140709,2120.50,2120.90,2075.20,2104.90,927400
20140710,2104.80,2115.40,2065.00,2093.20,1196300
20140711,2100.10,2113.90,2082.10,2105.00,1292700
20140714,2055.00,2073.10,2015.30,2016.50,1447600
20140715,2017.80,2043.00,2006.00,2018.00,1299100
20140716,2018.00,2054.90,2009.70,2050.80,1341300
20140717,2030.00,2045.00,1975.40,2004.80,2070400
20140718,1971.00,1996.00,1963.00,1990.00,1676800
20140721,1986.60,1991.50,1936.20,1940.00,1234400
20140722,1954.00,1978.80,1951.00,1970.00,1393800
20140723,2006.40,2006.40,1964.60,1980.50,884200
20140724,1965.60,2005.00,1965.60,2005.00,1001000
20140725,2000.10,2004.00,1970.10,1976.70,1056600
20140728,1967.50,1979.70,1948.00,1957.00,843100
20140729,1963.40,1985.00,1951.50,1975.00,844100
20140730,1966.00,2040.00,1962.20,2005.30,1591900
20140731,2007.50,2025.00,1990.50,2000.90,1053000
20140801,1998.00,2004.30,1973.50,1995.30,741800
20140804,2001.80,2009.90,1966.00,1984.90,735000
20140805,1985.30,1986.90,1957.00,1957.00,708200
20140806,1957.00,1983.90,1926.70,1929.80,1208800
20140807,1921.00,1949.00,1911.50,1932.70,971900
20140808,1935.00,1974.00,1924.90,1928.30,1281500
20140811,1962.00,1963.00,1941.10,1947.10,1002100
20140812,1952.80,1973.70,1944.20,1953.70,853500
20140813,1954.40,1988.20,1954.40,1974.90,1085500
20140814,1973.50,2002.10,1966.50,1991.00,1014200
20140815,1991.70,2026.20,1988.00,2011.10,1019000
20140818,2016.40,2043.00,2009.10,2043.00,352100
20140819,2043.00,2076.70,2043.00,2063.90,792200
20140820,2060.00,2086.50,2053.00,2085.00,969700
20140821,2080.00,2108.70,2080.00,2100.60,792000
20140822,2100.00,2100.50,2058.30,2085.00,689200
20140825,2069.40,2092.00,2069.40,2088.00,292600
20140826,2048.40,2096.80,2048.40,2068.00,653400
20140827,2073.20,2107.10,2067.40,2096.50,586500
20140828,2052.50,2096.10,2052.50,2083.00,1194600
20140829,2074.10,2094.20,2054.90,2055.00,1009500
20140901,1985.30,2097.30,1985.30,2034.90,1071000
20140902,2016.10,2050.90,2016.10,2042.10,670400
20140903,2044.00,2127.00,2041.10,2115.00,1962300
20140904,2115.50,2134.90,2106.50,2131.50,995200
20140905,2120.00,2169.40,2114.10,2163.00,955200
20140908,2157.00,2179.00,2146.00,2153.30,1072800
20140909,2153.00,2172.00,2150.70,2163.60,558700
20140910,2157.00,2169.00,2151.20,2163.00,602100
20140911,2174.80,2174.80,2148.70,2149.20,890300
20140912,2151.10,2194.70,2143.20,2163.10,1150700
20140915,2156.90,2183.00,2154.00,2174.90,1790000
20140916,2169.50,2199.00,2166.20,2185.00,1004300
20140917,2185.00,2197.70,2130.00,2141.50,1360500
20140918,2142.10,2155.00,2117.40,2130.00,778800
20140919,2129.90,2130.80,2065.00,2071.00,1895600
20140922,2069.40,2090.00,2047.70,2050.00,833700
20140923,2058.60,2068.60,2030.10,2049.60,1516400
20140924,2055.00,2072.60,2046.60,2059.10,1011800
20140925,2065.70,2087.80,2043.50,2043.50,1242700
20140926,2040.00,2074.80,2033.70,2064.90,991500
20140929,2066.00,2085.00,2004.00,2007.90,1207200
20140930,2016.90,2049.10,1999.30,2015.00,1218500
20141001,2010.00,2028.30,1990.00,1993.50,1070500
20141002,1988.00,2003.70,1960.50,1964.00,1444400
20141003,1975.00,2010.00,1972.40,1990.00,1008900
20141006,2000.20,2052.00,2000.20,2042.00,852000
20141007,2042.00,2045.00,2004.40,2007.60,804400
20141008,1995.00,2009.50,1976.00,1976.00,1342300
20141009,1999.10,2024.00,1971.10,1980.00,1267200
20141010,1965.00,1971.70,1921.00,1925.10,1502900
20141013,1916.00,1995.00,1913.00,1978.00,1290500
20141014,1982.90,2040.20,1978.40,2005.40,1598000
20141015,2004.00,2009.00,1970.40,1980.00,1347100
20141016,1982.00,2005.00,1945.70,1955.00,1504200
20141017,1974.00,2003.00,1965.60,1986.60,1226100
20141020,1994.70,2003.00,1972.00,1978.00,1139800
20141021,1926.10,1998.30,1926.10,1990.00,1275000
20141022,1994.90,2009.00,1958.50,1964.90,1706300
20141023,1963.00,1968.30,1916.70,1932.30,1602200
20141024,1930.40,1957.50,1917.80,1948.50,932400
20141027,1960.00,2003.80,1960.00,1991.90,1385200
20141028,1995.50,2034.60,1995.50,2014.00,1200200
20141029,2020.00,2042.50,1993.00,2042.50,1669000
20141030,2034.10,2069.90,2011.00,2055.00,2035600
20141031,2064.20,2120.00,2051.00,2120.00,2829500
20141103,2116.40,2124.70,2100.20,2117.00,649100
20141104,2117.00,2117.00,2117.00,2117.00,000
20141105,2102.90,2133.50,2072.20,2127.70,1820600
20141106,2120.50,2169.00,2120.50,2132.70,1685400
20141107,2139.50,2178.00,2120.00,2126.50,2796700
20141110,2145.00,2160.00,2122.00,2139.90,1755100
20141111,2145.50,2163.70,2125.10,2125.10,930300
20141112,2127.90,2149.60,2113.20,2126.00,1086200
20141113,2132.20,2147.90,2078.20,2083.60,1211400
20141114,2076.00,2099.00,2065.00,2084.00,1281000
20141117,2081.70,2102.70,2071.40,2085.00,753000
20141118,2097.40,2144.70,2065.10,2132.30,1633100
20141119,2134.00,2180.00,2128.10,2180.00,1086300
20141120,2180.00,2233.80,2180.00,2230.00,1270000
20141121,2236.00,2291.00,2205.20,2280.40,1519700
20141124,2280.50,2293.90,2245.20,2261.30,932500
20141125,2259.20,2281.50,2232.90,2259.10,995400
20141126,2253.50,2280.00,2245.20,2280.00,1240300
20141127,2273.60,2331.60,2260.00,2295.00,1885900
20141128,2281.60,2324.70,2270.60,2291.70,1884600
20141201,2280.00,2462.00,2278.10,2418.10,2774400
20141202,2425.00,2467.70,2373.80,2449.90,1925100
20141203,2455.20,2578.50,2434.00,2573.00,2224000
20141204,2550.00,2593.80,2477.00,2490.10,2555600
20141205,2486.50,2518.90,2391.10,2391.10,1573500
20141208,2390.00,2439.00,2340.00,2355.00,1763800
20141209,2340.40,2373.50,2315.50,2318.00,1287600
20141210,2325.10,2365.00,2292.40,2296.00,1161600
20141211,2297.00,2309.00,2202.50,2223.40,1950800
20141212,2219.00,2319.00,2146.60,2292.30,2541700
20141215,2230.30,2366.80,2173.30,2269.30,2820200
20141216,2245.00,2479.70,2053.60,2359.00,3188700
20141217,2360.80,2480.00,2211.00,2263.00,2945800
20141218,2299.50,2474.10,2239.00,2370.00,2523100
20141219,2369.50,2385.00,2229.00,2300.00,1276000
20141222,2310.00,2419.40,2280.50,2363.50,1575100
20141223,2368.00,2456.90,2231.00,2260.00,1327500
20141224,2250.50,2270.00,2214.30,2236.00,691700
20141225,2179.90,2210.00,2145.00,2205.70,571100
20141226,2307.40,2307.40,2202.30,2264.00,525300
20141229,2261.70,2460.00,2236.10,2298.90,1151500
20141230,2285.50,2296.10,2183.60,2225.00,852300
20141231,2225.00,2225.00,2225.00,2225.00,000
20150101,2225.00,2225.00,2225.00,2225.00,000
20150102,2225.00,2225.00,2225.00,2225.00,000
20150105,2201.00,2317.00,2200.90,2295.00,567900
20150106,2290.10,2376.00,2281.50,2345.00,811200
20150107,2345.00,2345.00,2345.00,2345.00,000
20150108,2371.00,2595.10,2361.00,2572.00,1100000
20150109,2565.00,2579.00,2452.50,2461.00,1204000
20150112,2460.10,2519.00,2441.40,2477.00,909300
20150113,2515.00,2553.00,2461.90,2522.00,1316800
20150114,2520.00,2588.00,2502.20,2588.00,764700
20150115,2599.00,2653.00,2573.00,2618.90,1286400
20150116,2614.00,2748.50,2590.00,2736.00,1096100
20150119,2732.00,2828.10,2631.60,2640.00,1694700
20150120,2652.50,2675.50,2596.20,2628.70,1060900
20150121,2640.00,2765.00,2615.70,2752.00,1123600
20150122,2760.00,2937.90,2744.60,2820.00,2056100
20150123,2849.50,2938.00,2835.50,2849.00,1630500
20150126,2820.00,2869.00,2757.00,2864.90,1421500
20150127,2830.30,2943.20,2830.30,2925.10,1160500
20150128,2939.10,2998.50,2849.10,2865.20,1319300
20150129,2853.10,2914.90,2840.00,2845.20,1307400
20150130,2864.00,2885.00,2759.00,2789.90,1206000
20150202,2809.50,2819.90,2697.60,2750.10,1677000
20150203,2761.40,2903.90,2761.10,2851.50,1241900
20150204,2875.80,2933.00,2840.70,2910.00,1258300
20150205,2900.00,3030.00,2885.40,2996.00,2085700
20150206,3019.90,3150.00,2988.00,3120.10,2153300
20150209,3118.10,3297.70,3015.50,3016.00,2682100
20150210,3004.00,3058.00,2956.00,3000.00,1268900
20150211,3040.00,3123.90,3020.20,3069.10,1420600
20150212,3099.90,3207.80,3023.00,3120.00,2335800
20150213,3162.50,3199.00,3102.30,3135.00,1042800
20150216,3136.60,3143.90,2995.20,3020.00,909000
20150217,3030.00,3094.50,2990.10,3010.00,1106800
20150218,3043.50,3071.20,2995.20,3000.00,1174300
20150219,3000.00,3024.50,2917.00,2994.80,1067300
20150220,3013.00,3019.00,2950.00,2990.00,774000
20150223,2990.00,2990.00,2990.00,2990.00,000
20150224,2941.70,3001.00,2931.40,3001.00,705600
20150225,3000.50,3001.60,2907.00,2933.40,1496200
20150226,2950.00,2967.00,2895.20,2935.00,1029900
20150227,2918.90,2995.50,2905.00,2981.20,1050700
20150302,2990.50,3045.40,2976.00,3027.20,932900
20150303,3015.40,3099.50,2988.00,3009.50,1156600
20150304,3009.50,3037.00,2937.00,2955.00,1053400
20150305,2960.00,2977.20,2902.00,2915.00,1138300
20150306,2925.50,2925.50,2800.00,2800.00,1006500
20150309,2800.00,2800.00,2800.00,2800.00,000
20150310,2780.00,2800.90,2687.10,2699.00,1569200
20150311,2721.20,2784.30,2699.00,2726.90,1278700
20150312,2739.50,2765.00,2705.00,2733.90,892400
20150313,2734.00,2754.00,2651.00,2659.00,1164500
20150316,2653.50,2696.70,2625.00,2666.00,1597500
20150317,2680.00,2710.00,2667.00,2689.00,1098800
20150318,2694.20,2742.90,2683.90,2735.00,933300
20150319,2760.00,2773.90,2673.40,2689.80,1189000
20150320,2688.40,2766.40,2672.30,2710.00,1497400
20150323,2725.00,2746.90,2667.30,2679.90,906900
20150324,2689.30,2715.20,2647.60,2709.70,818900
20150325,2833.80,2833.80,2630.00,2697.30,1221500
20150326,2716.50,2753.00,2622.70,2623.00,1587200
20150327,2629.50,2655.00,2577.00,2577.00,706800
20150330,2577.00,2668.40,2577.00,2657.00,577300
20150331,2657.00,2705.00,2645.10,2705.00,828400
20150401,2690.10,2759.50,2675.20,2755.00,1136400
20150402,2755.00,2790.10,2723.80,2780.50,899200
20150403,2782.30,2831.10,2772.70,2824.80,446900
20150406,2816.20,2850.10,2791.00,2823.30,633600
20150407,2819.50,2826.90,2760.00,2790.00,1369000
20150408,2780.00,2780.00,2727.00,2755.00,813300
20150409,2744.20,2744.90,2660.50,2707.80,1398300
20150410,2706.00,2706.90,2600.00,2634.90,1465500
20150413,2655.00,2683.00,2612.00,2617.00,1242900
20150414,2622.60,2639.80,2546.00,2559.00,1307300
20150415,2559.00,2600.00,2532.10,2595.00,1091300
20150416,2599.50,2609.00,2541.10,2580.00,1375300
20150417,2580.00,2616.60,2562.00,2576.00,1516800
20150420,2593.30,2697.00,2563.70,2670.00,1390900
20150421,2675.00,2738.00,2675.00,2728.20,1057600
20150422,2729.10,2745.00,2625.60,2639.50,1163100
20150423,2637.50,2644.00,2570.00,2592.00,1528100
20150424,2598.60,2675.00,2576.00,2645.00,1199200
20150427,2640.00,2700.00,2633.10,2662.00,875400
20150428,2658.50,2688.10,2635.50,2644.90,1049700
20150429,2644.90,2683.40,2605.50,2610.00,952100
20150430,2611.00,2658.00,2601.00,2645.60,810100
20150501,2645.60,2645.60,2645.60,2645.60,000
20150504,2645.60,2645.60,2645.60,2645.60,000
20150505,2657.00,2699.60,2645.80,2655.00,1395500
20150506,2647.00,2667.00,2611.60,2660.00,796700
20150507,2649.90,2674.70,2621.10,2650.50,951100
20150508,2655.00,2698.00,2637.10,2691.60,667100
