20140101,101.05,101.05,101.05,101.05,000
20140102,101.05,101.05,101.05,101.05,000
20140103,101.05,101.05,101.05,101.05,000
20140106,100.20,100.31,98.62,98.63,31691800
20140107,98.63,98.63,98.63,98.63,000
20140108,99.10,99.41,97.85,98.20,42372200
20140109,98.44,98.77,97.69,97.97,45986900
20140110,97.87,99.41,97.52,99.41,51902400
20140113,99.30,100.35,99.04,100.24,62051200
20140114,99.18,99.73,98.51,99.25,78485100
20140115,99.95,100.79,99.56,100.69,77839300
20140116,100.90,101.64,100.53,100.60,62759200
20140117,100.36,101.45,100.10,101.08,69135100
20140120,100.99,102.17,100.66,101.96,62429400
20140121,102.50,102.57,101.90,102.14,61991400
20140122,102.21,102.49,101.13,102.20,58589100
20140123,101.81,102.92,101.56,101.56,70600700
20140124,100.99,101.26,99.63,99.63,112821700
20140127,98.62,99.11,97.63,97.84,103793400
20140128,98.21,98.74,97.05,97.40,80448900
20140129,97.93,98.98,95.73,96.10,120814500
20140130,96.10,96.69,94.40,95.70,130498600
20140131,95.80,96.27,94.43,94.80,103047600
20140203,94.95,95.89,94.55,94.57,81505700
20140204,93.55,94.48,93.25,93.94,93931200
20140205,94.31,95.65,94.01,95.51,90666200
20140206,95.78,96.81,95.65,96.56,76095200
20140207,97.00,97.36,96.11,96.60,77654900
20140210,96.94,97.08,95.42,95.49,67771800
20140211,95.97,96.65,95.51,96.18,55103900
20140212,96.91,97.14,96.15,97.00,70670000
20140213,96.30,96.69,95.30,95.50,62181700
20140214,95.80,96.84,95.70,96.70,63884700
20140217,97.10,98.08,97.09,97.47,54738600
20140218,97.50,97.95,96.55,96.73,56765100
20140219,96.51,96.59,94.53,94.80,79367600
20140220,94.10,94.76,93.61,94.60,72263700
20140221,95.02,95.44,94.51,94.93,52205000
20140224,95.00,95.09,94.06,94.67,48226200
20140225,95.37,95.48,93.32,94.13,74634300
20140226,94.28,94.59,91.85,92.35,90720300
20140227,92.50,92.61,89.40,90.05,129290600
20140228,90.15,91.42,88.87,91.10,112780900
20140303,85.50,86.84,74.96,77.35,427913500
20140304,78.50,83.90,77.17,81.52,371921700
20140305,82.37,82.77,80.12,81.47,175284100
20140306,81.63,83.81,76.56,80.47,281937500
20140307,80.00,81.46,78.34,79.99,190384600
20140310,79.99,79.99,79.99,79.99,000
20140311,79.05,79.75,76.39,76.75,150142900
20140312,75.98,76.36,72.35,72.74,227452400
20140313,73.50,73.89,68.87,69.80,256776100
20140314,68.00,71.75,65.33,71.20,346714100
20140317,72.50,77.12,71.87,76.71,344321600
20140318,77.60,82.00,75.64,82.00,301075100
20140319,81.58,82.60,79.13,80.64,257701500
20140320,79.55,81.27,78.43,79.40,190046900
20140321,77.20,78.51,76.10,78.47,207828900
20140324,78.47,80.38,77.82,78.40,167819100
20140325,78.84,81.97,77.34,81.70,255665900
20140326,82.10,84.34,82.02,82.50,229652000
20140327,82.16,82.72,79.20,79.90,185280600
20140328,80.40,81.96,79.67,81.36,152251800
20140331,81.39,83.80,81.12,83.80,178420700
20140401,84.01,84.68,82.75,83.88,154874300
20140402,84.00,84.18,81.44,82.67,143111400
20140403,82.88,83.39,81.21,81.51,127794900
20140404,81.95,83.30,80.85,82.98,147144200
20140407,81.88,81.88,78.87,79.95,236725400
20140408,79.90,80.00,78.51,79.41,163499300
20140409,79.80,80.10,77.75,78.85,161363600
20140410,79.22,80.44,78.51,79.90,178317500
20140411,78.71,80.07,77.65,79.75,154422000
20140414,79.11,79.11,77.50,78.35,190735300
20140415,78.00,78.34,75.10,75.20,190723300
20140416,75.95,76.50,73.62,76.13,271726700
20140417,76.00,77.21,75.20,76.89,201674500
20140418,78.39,79.40,78.22,78.82,114463000
20140421,78.80,78.80,77.46,77.62,83590200
20140422,77.50,77.50,75.60,76.30,135293100
20140423,76.20,76.51,75.12,75.56,133283600
20140424,75.85,76.11,71.81,73.21,251265700
20140425,73.05,73.10,69.56,69.91,297122500
20140428,69.00,73.70,67.90,73.39,382641800
20140429,74.19,74.66,72.30,72.80,184166200
20140430,72.51,73.10,71.48,72.50,109106800
20140501,72.50,72.50,72.50,72.50,000
20140502,72.00,72.50,70.89,72.22,64294200
20140505,71.35,72.44,71.01,71.99,67164800
20140506,72.32,74.30,72.32,74.10,129555600
20140507,73.23,80.37,73.16,78.50,271218400
20140508,79.00,80.25,77.57,78.80,248696600
20140509,78.80,78.80,78.80,78.80,000
20140512,78.79,79.90,77.73,79.08,164644900
20140513,79.76,81.08,79.15,80.15,186766000
20140514,80.25,81.68,79.55,81.38,136298400
20140515,81.10,82.30,79.75,80.04,171237700
20140516,79.40,79.79,78.53,79.20,148101100
20140519,79.30,81.68,79.17,81.62,141104400
20140520,82.05,82.55,80.55,82.31,155680100
20140521,82.00,84.09,81.30,83.59,191332500
20140522,84.01,84.30,82.16,83.26,132031100
20140523,83.20,85.98,82.63,85.83,170529700
20140526,86.00,87.62,85.37,86.87,113548100
20140527,86.90,86.90,83.95,84.33,149979600
20140528,84.50,85.38,83.73,84.95,117406900
20140529,85.30,86.01,84.18,85.65,133574600
20140530,85.65,85.90,84.21,84.50,108275100
20140602,84.76,87.15,84.76,85.91,135553000
20140603,85.30,86.84,84.66,86.84,119911000
20140604,86.41,88.47,86.23,87.81,118827700
20140605,87.95,89.05,86.86,87.43,136671300
20140606,87.75,89.18,86.28,89.00,127899400
20140609,89.30,89.60,88.62,88.89,84842100
20140610,88.88,89.00,87.87,88.99,85853200
20140611,89.00,89.33,88.51,89.00,67980000
20140612,89.00,89.00,89.00,89.00,000
20140613,89.00,89.00,89.00,89.00,000
20140616,84.50,85.72,84.15,84.85,130296700
20140617,84.95,85.55,83.37,83.80,86913900
20140618,84.11,84.55,83.12,83.77,115310300
20140619,84.55,85.69,84.35,84.80,112078300
20140620,84.80,85.14,84.10,84.16,83715000
20140623,84.23,85.30,83.41,83.68,99040900
20140624,84.09,86.60,83.91,86.50,150531800
20140625,86.02,86.40,83.85,84.40,114961000
20140626,84.90,85.14,83.46,84.10,99471300
20140627,84.15,84.94,83.96,84.33,57140600
20140630,84.50,84.70,83.03,84.50,81496500
20140701,84.45,84.46,83.05,84.07,80028300
20140702,84.30,85.97,84.12,85.79,94197500
20140703,85.90,86.50,85.25,85.34,76353800
20140704,85.51,85.86,83.80,84.00,69404700
20140707,84.08,85.70,83.87,85.49,71042700
20140708,85.30,86.69,84.67,85.11,99525200
20140709,84.91,85.56,84.20,85.20,80831800
20140710,85.74,86.09,83.37,84.47,114382200
20140711,84.50,84.88,83.80,84.55,78260300
20140714,84.65,85.19,83.55,83.55,69434000
20140715,83.82,84.01,82.87,83.09,79126700
20140716,83.00,83.98,82.55,83.78,86004300
20140717,82.00,82.19,80.53,81.50,147892800
20140718,79.80,80.96,79.59,80.27,147407100
20140721,80.31,80.40,76.56,76.56,182779500
20140722,77.30,78.84,77.06,78.30,154403800
20140723,78.40,78.94,76.60,77.45,93643300
20140724,77.00,77.37,75.81,76.87,101869200
20140725,76.81,76.98,75.00,75.16,109515300
20140728,74.51,74.60,72.60,72.82,116467900
20140729,72.45,74.50,71.86,73.20,193639200
20140730,72.65,75.83,72.33,73.68,194588700
20140731,73.90,75.27,73.24,73.60,110573600
20140801,72.88,73.50,71.52,72.37,183538900
20140804,72.80,73.59,71.85,72.75,102965000
20140805,73.00,73.30,71.57,71.60,103702800
20140806,71.22,71.30,68.85,69.00,252771000
20140807,68.42,69.30,66.10,68.50,257510100
20140808,67.91,70.75,67.91,70.70,162405300
20140811,72.01,74.40,72.01,74.21,168710000
20140812,74.10,75.18,72.88,73.35,168530200
20140813,73.04,75.19,72.60,74.84,137022300
20140814,74.94,75.87,74.30,74.99,146635000
20140815,75.01,76.00,74.00,75.05,127078300
20140818,75.21,75.98,74.77,75.15,87278000
20140819,75.75,76.10,75.11,76.00,97471200
20140820,76.00,76.90,75.18,76.90,120071200
20140821,76.87,78.61,76.71,78.40,115995000
20140822,78.50,78.89,76.88,78.39,140619800
20140825,78.51,79.69,78.25,78.56,118676000
20140826,78.60,78.92,77.24,77.44,79132900
20140827,77.89,78.39,77.51,77.93,81493200
20140828,77.46,77.87,74.45,74.59,231820400
20140829,74.49,74.97,72.56,73.21,193460200
20140901,73.51,74.94,72.52,73.68,164429200
20140902,73.67,74.49,72.94,73.76,104627800
20140903,74.19,78.75,73.75,78.50,277109100
20140904,78.60,79.95,77.18,79.39,158504100
20140905,78.80,81.30,78.50,80.25,159432100
20140908,80.25,80.39,78.26,78.69,108470700
20140909,78.85,80.20,78.69,79.41,105818800
20140910,78.80,79.40,78.39,78.67,86323600
20140911,79.05,79.55,76.14,76.30,153119300
20140912,76.00,77.77,75.13,76.65,145526600
20140915,76.30,77.08,75.45,75.63,127147000
20140916,75.85,77.90,75.63,77.60,141626100
20140917,77.50,78.92,76.55,78.66,150425900
20140918,78.62,79.30,77.71,77.98,102250100
20140919,78.30,78.46,76.62,77.40,122982200
20140922,77.20,77.69,75.89,76.00,84589900
20140923,76.32,77.84,76.20,77.68,97635000
20140924,77.93,79.55,77.87,79.05,123499100
20140925,79.60,80.15,78.00,78.01,121092300
20140926,77.56,78.43,76.85,77.60,111612400
20140929,77.98,78.38,76.53,76.70,100645000
20140930,77.08,77.44,75.52,75.52,144552300
20141001,75.20,76.26,74.26,74.26,130262500
20141002,74.05,74.47,72.57,73.15,145211100
20141003,73.73,74.69,73.12,73.77,111663600
20141006,74.36,76.60,74.25,76.33,125594700
20141007,76.33,76.54,74.96,75.32,97153500
20141008,74.85,75.25,73.76,73.80,132003400
20141009,75.05,75.70,73.52,73.65,144528200
20141010,72.64,73.77,72.06,73.50,141617200
20141013,72.80,75.24,72.65,74.26,116922700
20141014,74.15,75.36,73.86,74.55,95473800
20141015,74.31,74.86,72.81,73.08,120577500
20141016,73.20,74.05,70.95,71.12,195738100
20141017,71.80,73.30,71.38,73.15,146039700
20141020,73.40,73.93,71.75,72.25,122048400
20141021,72.00,73.16,71.30,72.50,116676800
20141022,73.00,73.37,71.80,71.82,98536100
20141023,71.47,72.10,70.85,71.59,132619500
20141024,71.35,72.49,70.93,72.49,76065800
20141027,73.20,73.78,72.25,72.90,119696300
20141028,73.18,74.20,72.73,73.90,101388800
20141029,74.10,74.80,73.68,74.05,100125200
20141030,73.70,75.13,73.43,74.98,180995100
20141031,75.45,76.84,75.23,76.23,154675700
20141103,76.07,76.66,75.61,76.29,49892200
20141104,76.29,76.29,76.29,76.29,000
20141105,75.80,75.94,75.02,75.65,101085600
20141106,75.76,76.88,74.75,75.05,109722300
20141107,75.16,77.65,74.41,75.69,195085200
20141110,76.36,77.78,76.12,77.78,125639000
20141111,77.85,78.70,77.01,77.34,130820400
20141112,77.35,77.55,76.13,76.32,113847100
20141113,76.31,76.50,73.73,74.03,150544800
20141114,73.80,74.50,73.10,74.15,101827000
20141117,73.61,74.45,73.47,73.97,77982200
20141118,74.42,75.35,73.45,75.21,121080400
20141119,75.29,75.54,73.87,73.90,89158900
20141120,73.90,74.90,72.93,73.63,104580900
20141121,73.99,74.71,72.95,74.39,105852700
20141124,74.88,75.40,74.01,74.40,85542200
20141125,74.48,74.66,73.76,74.11,59713000
20141126,73.77,74.13,73.26,73.85,91757300
20141127,73.70,74.20,73.04,73.04,87730700
20141128,72.89,72.89,71.42,72.25,128193600
20141201,71.90,74.20,71.51,73.79,139383200
20141202,74.06,74.47,71.31,71.64,133472000
20141203,71.89,72.35,71.42,72.00,115782300
20141204,72.25,74.03,71.00,71.04,162018900
20141205,70.92,71.73,68.40,68.60,160171600
20141208,69.17,69.67,65.23,65.30,167156200
20141209,64.77,66.90,62.61,66.26,198020100
20141210,66.62,68.70,65.78,67.77,180002300
20141211,67.85,68.40,65.25,65.95,182009600
20141212,65.40,66.20,63.07,64.20,157344200
20141215,64.00,65.74,59.92,60.63,223458500
20141216,59.50,61.95,47.21,53.50,470750500
20141217,54.03,60.88,52.38,59.90,446526600
20141218,61.50,65.80,60.25,62.91,317744100
20141219,61.26,63.08,59.50,61.44,171795200
20141222,63.27,64.20,57.82,58.60,228645500
20141223,59.05,59.53,52.86,54.00,230869200
20141224,53.58,55.45,51.51,55.00,166419600
20141225,54.98,58.85,54.71,58.70,116646600
20141226,59.00,60.00,56.05,57.13,134648800
20141229,57.01,58.29,53.70,54.51,113669200
20141230,53.04,55.65,51.60,54.90,120437100
20141231,54.90,54.90,54.90,54.90,000
20150101,54.90,54.90,54.90,54.90,000
20150102,54.90,54.90,54.90,54.90,000
20150105,54.02,56.77,53.58,56.37,63231000
20150106,56.00,58.45,55.83,58.28,70269700
20150107,58.28,58.28,58.28,58.28,000
20150108,59.00,67.77,58.61,65.70,187598800
20150109,65.70,66.88,62.25,63.10,107559800
20150112,62.20,63.84,61.66,62.90,99437100
20150113,62.31,62.98,59.25,60.31,190655400
20150114,59.60,61.20,59.60,60.05,134066600
20150115,61.19,62.68,60.71,61.80,180005100
20150116,61.80,62.43,60.41,61.99,143117000
20150119,61.59,63.67,61.55,61.80,124918300
20150120,61.82,62.25,60.27,60.80,120109400
20150121,61.08,63.20,60.95,62.80,106804700
20150122,63.06,64.88,62.42,64.35,173344700
20150123,64.99,66.72,63.90,64.45,163440200
20150126,63.79,63.88,60.17,60.49,154035200
20150127,58.20,61.44,57.20,61.20,188572100
20150128,61.81,62.58,60.31,60.63,139315600
20150129,60.40,62.00,59.60,60.50,150527500
20150130,61.25,61.50,59.67,61.50,194980600
20150202,62.00,62.57,60.03,61.40,195554000
20150203,62.00,62.85,60.83,62.00,140880900
20150204,62.50,62.69,60.87,61.04,83495200
20150205,60.60,62.48,59.90,62.41,173331600
20150206,62.80,64.88,62.45,64.31,180698000
20150209,64.31,67.40,63.85,65.57,224135400
20150210,65.48,66.43,64.47,65.00,121431900
20150211,66.11,66.46,65.08,65.12,142445300
20150212,66.08,69.47,64.55,67.21,403090200
20150213,68.00,70.75,68.00,70.60,375773400
20150216,70.77,71.90,69.67,70.00,131054200
20150217,70.25,73.96,69.72,72.45,243539600
20150218,73.38,76.84,72.83,76.40,237863300
20150219,76.00,76.56,72.80,73.78,238749400
20150220,74.44,75.45,73.52,74.75,177829300
20150223,74.75,74.75,74.75,74.75,000
20150224,72.00,73.87,71.76,73.70,117265100
20150225,73.80,74.60,72.90,74.20,122723500
20150226,75.00,76.60,74.60,75.95,143958900
20150227,75.80,76.75,75.26,75.91,129979000
20150302,76.38,77.45,76.10,76.20,110696400
20150303,76.03,76.98,74.84,75.55,129705100
20150304,75.35,75.72,72.31,72.31,117798000
20150305,72.90,74.16,71.86,72.70,175857900
20150306,73.08,74.11,72.58,73.25,105050100
20150309,73.25,73.25,73.25,73.25,000
20150310,72.50,72.71,69.09,69.80,149557500
20150311,69.80,71.31,68.78,70.68,149717700
20150312,71.12,71.59,70.02,70.79,82959400
20150313,71.00,71.30,67.81,67.87,151669300
20150316,67.50,67.80,65.23,65.57,156289000
20150317,66.05,66.45,63.86,64.65,183457200
20150318,64.90,66.05,64.73,65.26,108223300
20150319,66.50,66.88,64.45,64.90,124342000
20150320,64.95,67.22,64.40,67.00,147872100
20150323,67.60,67.60,64.83,65.00,131474500
20150324,65.00,66.36,63.74,65.60,121944600
20150325,65.85,66.15,64.31,64.80,97814600
20150326,65.43,65.80,62.62,62.85,148212400
20150327,63.20,63.55,60.57,61.00,157726000
20150330,60.81,63.17,60.67,63.01,121585100
20150331,63.00,63.40,61.92,62.88,113703300
20150401,62.34,64.69,62.18,64.50,161132200
20150402,64.60,66.17,64.03,65.92,138482000
20150403,65.92,66.40,65.16,65.50,85588400
20150406,65.65,68.99,65.57,68.99,137120600
20150407,68.85,70.27,68.15,69.60,224738400
20150408,69.42,69.93,68.61,69.40,124300100
20150409,69.03,72.00,68.96,72.00,187982800
20150410,72.15,72.45,70.23,71.50,143967700
20150413,71.89,74.55,71.43,74.10,165129500
20150414,74.10,74.82,72.89,74.05,135451700
20150415,74.15,76.49,73.91,76.49,153846100
20150416,76.97,77.51,74.85,76.50,176773000
20150417,76.64,76.96,72.50,72.50,157337500
20150420,72.50,74.07,71.22,73.50,157896000
20150421,73.66,75.67,73.26,75.24,157633600
20150422,75.20,75.33,72.63,73.90,143896300
20150423,74.00,76.57,72.11,75.80,192895200
20150424,75.70,77.70,74.89,75.75,155138100
20150427,76.12,76.86,74.58,75.20,126319100
20150428,74.80,75.75,73.90,75.70,99218100
20150429,75.60,76.27,74.68,75.20,87147100
20150430,75.11,76.96,74.97,76.90,105036500
20150501,76.90,76.90,76.90,76.90,000
20150504,76.90,76.90,76.90,76.90,000
20150505,77.20,80.60,76.80,80.21,136580600
20150506,80.36,80.98,78.64,79.20,110343100
20150507,78.85,78.89,75.97,76.50,111790300
20150508,76.30,76.67,75.07,75.50,109570400
