20150102,312.579987,314.75,306.959991,308.519989,2783200
20150105,307.01001,308.380005,300.850006,302.190002,2774200
20150106,302.23999,303.00,292.380005,295.290009,3519000
20150107,297.50,301.279999,295.329987,298.420013,2640300
20150108,300.320007,303.140015,296.109985,300.459991,3088400
20150109,301.480011,302.869995,296.679993,296.929993,2589500
20150112,297.559998,298.51001,289.279999,291.410004,3421400
20150113,297.480011,301.50,293.230011,294.73999,4130900
20150114,291.929993,295.910004,286.50,293.269989,5538700
20150115,294.00,296.00,286.820007,286.950012,4410200
20150116,286.279999,290.790009,285.25,290.73999,3478200
20150120,292.589996,293.359985,286.390015,289.440002,3075100
20150121,289.640015,306.00,287.26001,297.25,10065100
20150122,300.00,312.25,300.00,310.320007,5362600
20150123,308.079987,316.929993,307.720001,312.390015,4496400
20150126,311.820007,313.00,307.519989,309.660004,3169700
20150127,306.299988,310.23999,302.630005,306.75,2920300
20150128,309.809998,311.51001,303.799988,303.910004,3063800
20150129,304.730011,312.799988,299.329987,311.779999,8656600
20150130,346.320007,359.50,340.73999,354.529999,23856100
20150202,350.049988,365.00,350.01001,364.470001,10231900
20150203,360.290009,367.820007,360.209991,363.549988,6212600
20150204,358.380005,367.50,358.230011,364.75,4169900
20150205,366.00,378.799988,365.899994,373.890015,7247600
20150206,374.869995,375.98999,371.01001,374.279999,3871300
20150209,371.00,374.410004,367.200012,370.559998,2724600
20150210,371.190002,374.299988,368.51001,373.00,2287200
20150211,371.230011,377.100006,371.100006,375.140015,2786500
20150212,375.100006,378.51001,373.149994,377.170013,2791100
20150213,378.410004,383.00,377.01001,381.829987,3475100
20150217,377.720001,379.98999,372.670013,375.429993,3673200
20150218,373.779999,376.73999,372.850006,373.369995,2650600
20150219,373.48999,381.880005,373.429993,379.00,2953800
20150220,378.619995,383.700012,375.839996,383.660004,3258000
20150223,383.440002,384.540009,378.00,380.140015,2177000
20150224,378.649994,380.480011,376.160004,378.589996,1920800
20150225,377.269989,387.850006,376.540009,385.369995,3174500
20150226,384.070007,389.369995,383.279999,384.799988,2687100
20150227,384.00,385.98999,379.790009,380.160004,2532300
20150302,380.850006,385.899994,379.480011,385.660004,2139200
20150303,383.950012,386.100006,381.600006,384.609985,1946500
20150304,385.709991,387.899994,382.190002,382.720001,2259100
20150305,385.609985,388.420013,383.890015,387.829987,2693500
20150306,385.519989,387.00,378.880005,380.089996,2627000
20150309,378.399994,379.329987,375.279999,378.559998,2311400
20150310,377.450012,377.769989,369.179993,369.51001,3121000
20150311,370.609985,373.350006,366.26001,366.369995,2495100
20150312,368.820007,375.50,367.519989,374.23999,2810000
20150313,371.519989,373.98999,366.679993,370.579987,2611700
20150316,370.380005,373.940002,366.720001,373.350006,2354100
20150317,371.109985,374.50,369.640015,371.920013,2037000
20150318,369.970001,375.98999,366.700012,375.140015,2654100
20150319,373.869995,377.109985,372.190002,373.23999,1915700
20150320,376.290009,379.369995,375.920013,378.48999,3763600
20150323,378.070007,381.769989,374.940002,375.109985,2239300
20150324,373.98999,375.23999,372.269989,374.089996,2228200
20150325,375.170013,380.50,370.290009,370.959991,3429500
20150326,369.589996,371.399994,365.649994,367.350006,2930000
20150327,367.109985,373.170013,366.570007,370.559998,2609800
20150330,371.869995,376.119995,371.549988,374.589996,1820900
20150331,373.23999,377.700012,371.51001,372.100006,2506100
20150401,372.100006,373.160004,368.339996,370.26001,2458100
20150402,370.50,373.279999,369.00,372.25,1875300
20150406,370.100006,380.200012,369.359985,377.040009,3050700
20150407,376.149994,379.309998,374.029999,374.410004,1954900
20150408,374.660004,381.579987,374.649994,381.200012,2636400
20150409,380.660004,384.420013,378.799988,383.540009,2392300
20150410,384.309998,387.119995,381.320007,382.649994,2573500
20150413,383.529999,385.279999,380.140015,382.359985,1894500
20150414,383.51001,387.809998,381.209991,385.109985,2583600
20150415,384.649994,385.779999,381.640015,383.450012,1933200
20150416,383.690002,387.450012,383.549988,386.040009,2080400
20150417,382.630005,383.559998,374.399994,375.559998,3839700
20150420,378.549988,391.940002,377.00,389.51001,5016100
20150421,391.309998,394.600006,386.799988,391.179993,4634500
20150422,391.910004,394.279999,388.00,389.799988,3447200
20150423,390.209991,391.880005,386.149994,389.98999,6640600
20150424,439.00,452.649994,439.00,445.100006,17031400
20150427,443.859985,446.98999,437.410004,438.559998,5420600
20150428,438.51001,439.00,428.040009,429.309998,4129800
20150429,426.75,434.23999,426.029999,429.369995,3613300
20150430,427.109985,431.75,419.23999,421.779999,3609700
20150501,423.820007,425.640015,416.00,422.869995,3427600
20150504,424.799988,429.769989,422.420013,423.040009,2266200
20150505,422.850006,427.51001,421.019989,421.190002,2844700
20150506,421.429993,422.720001,414.549988,419.100006,2534900
20150507,424.149994,428.50,422.850006,426.880005,2757800
20150508,430.75,435.200012,430.170013,433.690002,2887200
20150511,432.51001,439.00,431.369995,432.850006,2389200
20150512,431.079987,433.25,426.709991,431.019989,1947800
20150513,429.980011,433.529999,425.799988,426.869995,1994000
20150514,429.450012,433.00,427.01001,432.279999,1883300
20150515,428.00,430.399994,424.299988,426.00,4226200
20150518,426.00,427.269989,421.459991,425.23999,2268700
20150519,424.869995,428.23999,420.630005,421.709991,2464200
20150520,420.600006,427.100006,418.359985,423.859985,2191000
20150521,428.00,436.899994,428.00,431.630005,4113200
20150522,431.549988,432.440002,427.609985,427.630005,2018600
20150526,426.200012,427.00,422.00,425.470001,2238200
20150527,427.450012,431.850006,425.01001,431.420013,2221400
20150528,429.709991,431.350006,425.470001,426.570007,1907800
20150529,427.230011,432.50,427.230011,429.230011,3008600
20150601,430.399994,433.160004,426.200012,430.920013,2250000
20150602,430.070007,433.230011,426.25,430.98999,1668900
20150603,434.399994,438.390015,432.75,436.589996,2720800
20150604,434.399994,436.76001,429.26001,430.779999,2499700
20150605,429.660004,430.799988,426.50,426.950012,1903100
20150608,425.619995,426.799988,421.429993,423.50,2166900
20150609,422.959991,427.48999,419.140015,425.480011,2274600
20150610,426.459991,432.200012,425.660004,430.769989,2166500
20150611,432.290009,438.890015,431.470001,432.970001,2917100
20150612,431.25,432.359985,428.26001,429.920013,2050200
20150615,427.660004,428.049988,422.640015,423.670013,2041900
20150616,424.149994,427.970001,422.670013,427.26001,2296400
20150617,428.359985,431.350006,424.75,427.809998,2184100
20150618,430.299988,439.730011,429.410004,439.390015,3369700
20150619,440.26001,444.98999,433.23999,434.920013,4481100
20150622,437.00,439.23999,434.179993,436.290009,1765500
20150623,435.589996,447.040009,433.690002,445.98999,3209400
20150624,444.970001,446.470001,440.230011,440.839996,2614400
20150625,438.070007,443.470001,436.390015,440.100006,2235600
20150626,441.76001,443.48999,435.059998,438.100006,2529500
20150629,434.980011,437.00,429.00,429.859985,2709400
20150630,434.200012,435.570007,430.459991,434.089996,2574200
20150701,439.350006,440.00,435.579987,437.390015,1973400
20150702,437.00,438.200012,433.480011,437.709991,1337200
20150706,435.230011,439.730011,433.519989,436.040009,1903200
20150707,435.679993,437.730011,425.570007,436.720001,3454200
20150708,434.350006,435.98999,428.829987,429.700012,2375300
20150709,434.899994,438.720001,434.149994,434.390015,2262900
20150710,440.48999,444.720001,439.00,443.51001,2397200
20150713,448.290009,457.869995,447.540009,455.570007,3935600
20150714,462.320007,469.600006,458.160004,465.570007,4722500
20150715,463.040009,464.700012,460.200012,461.190002,2973300
20150716,465.50,475.880005,464.799988,475.480011,4065900
20150717,477.700012,485.420013,477.25,483.01001,4900900
20150720,492.570007,493.200012,485.399994,488.100006,4715800
20150721,487.899994,488.880005,482.549988,488.00,3138100
20150722,485.98999,492.50,484.899994,488.269989,3074000
20150723,491.660004,491.660004,475.700012,482.179993,7912900
20150724,578.98999,580.570007,529.349976,529.419983,21767500
20150727,527.75,544.950012,526.599976,531.409973,7478400
20150728,536.00,536.390015,523.119995,526.030029,5250800
20150729,530.919983,532.969971,525.02002,529.00,3721400
20150730,527.650024,539.200012,524.289978,536.76001,3724100
20150731,539.090027,542.840027,534.52002,536.150024,2976200
20150803,537.450012,540.440002,529.359985,535.030029,2997500
20150804,529.690002,536.950012,529.159973,531.900024,2916700
20150805,538.799988,539.140015,534.119995,537.01001,2885000
20150806,539.299988,542.73999,527.52002,529.460022,3795500
20150807,529.159973,529.460022,518.210022,522.619995,3958300
20150810,528.52002,532.280029,523.00,524.00,2598600
20150811,523.650024,528.97998,522.00,527.460022,2657900
20150812,523.75,527.50,513.059998,525.909973,3962300
20150813,527.369995,534.659973,525.48999,529.659973,2887800
20150814,528.25,534.109985,528.25,531.52002,1983200
20150817,531.289978,538.73999,527.119995,535.219971,2571200
20150818,535.039978,539.48999,533.00,535.02002,2066100
20150819,533.73999,537.25,529.00,532.919983,2313500
20150820,530.390015,533.25,515.77002,515.780029,4374900
20150821,507.359985,512.330017,494.470001,494.470001,6636400
20150824,463.579987,476.579987,451.00,463.369995,10063900
20150825,487.48999,489.440002,466.25,466.369995,5644000
20150826,484.019989,503.720001,478.76001,500.769989,6323600
20150827,513.710022,522.690002,507.26001,518.369995,6064900
20150828,517.50,521.50,513.039978,518.01001,2733800
20150831,516.440002,519.409973,509.070007,512.890015,2983000
20150901,499.140015,510.00,493.429993,496.540009,3824000
20150902,505.089996,510.859985,497.720001,510.549988,3689600
20150903,514.50,515.840027,502.570007,504.720001,3098900
20150904,497.649994,502.850006,495.640015,499.00,2690200
20150908,508.690002,518.349976,508.51001,517.539978,3777500
20150909,524.00,529.950012,515.059998,516.890015,4338700
20150910,515.150024,526.130005,514.780029,522.23999,2562800
20150911,521.070007,529.440002,520.609985,529.440002,3218600
20150914,529.440002,532.450012,518.580017,521.380005,3127100
20150915,523.25,527.919983,517.200012,522.369995,2845600
20150916,521.97998,528.299988,518.52002,527.390015,2248000
20150917,526.97998,546.969971,526.570007,538.869995,4124900
20150918,534.619995,546.23999,531.349976,540.26001,6125600
20150921,544.330017,549.780029,539.590027,548.390015,3265300
20150922,539.710022,543.549988,532.659973,538.400024,3824200
20150923,538.299988,541.210022,534.00,536.070007,2228100
20150924,530.549988,534.559998,522.869995,533.75,3481800
20150925,542.570007,542.799988,521.400024,524.25,3910300
20150928,520.02002,520.280029,494.329987,504.059998,5383200
20150929,506.00,511.480011,490.50,496.070007,4443200
20150930,505.440002,512.799988,501.670013,511.890015,3990400
20151001,511.00,520.799988,506.00,520.719971,3741100
20151002,512.98999,532.599976,508.100006,532.539978,4576600
20151005,536.98999,545.909973,536.00,543.679993,3352400
20151006,545.50,551.50,533.330017,537.47998,4502800
20151007,541.789978,542.00,529.00,541.940002,3788800
20151008,536.710022,539.390015,519.890015,533.159973,4649000
20151009,534.47998,541.789978,530.27002,539.799988,3527200
20151012,539.960022,550.820007,539.799988,550.190002,2761100
20151013,546.26001,553.200012,543.099976,548.900024,2737100
20151014,551.340027,552.25,539.679993,544.830017,3561100
20151015,547.75,563.00,547.00,562.440002,4914600
20151016,565.27002,570.940002,560.309998,570.76001,4218100
20151019,570.76001,579.00,567.380005,573.150024,4326300
20151020,572.00,573.00,555.280029,560.880005,4346200
20151021,563.869995,565.25,552.52002,555.77002,3343600
20151022,562.700012,569.150024,556.669983,563.909973,7250500
20151023,617.679993,619.450012,595.359985,599.030029,10671600
