20140102,124.459999,124.879997,123.709999,124.139999,4540300
20140103,124.599998,124.889999,123.860001,124.349998,3506000
20140106,124.589996,124.800003,123.519997,124.019997,4252300
20140107,124.419998,125.32,123.650002,125.07,4563300
20140108,124.440002,124.459999,122.75,123.290001,8282500
20140109,123.419998,123.419998,122.019997,123.290001,5643500
20140110,122.50,122.839996,120.370003,121.010002,8127500
20140113,120.809998,120.900002,119.010002,119.25,6504200
20140114,119.400002,119.75,118.800003,119.57,6904600
20140115,119.690002,120.07,119.050003,119.18,5829300
20140116,119.110001,119.290001,118.190002,118.830002,5041100
20140117,119.029999,120.379997,118.739998,119.290001,7199700
20140121,120.739998,120.889999,119.510002,120.360001,5602300
20140122,120.510002,120.760002,119.970001,120.43,4977500
20140123,119.839996,119.849998,118.260002,118.389999,6205800
20140124,117.870003,118.139999,116.260002,116.290001,7094900
20140127,116.260002,117.25,115.879997,116.43,6179500
20140128,116.720001,117.029999,116.07,116.839996,4303700
20140129,116.139999,116.889999,115.709999,116.00,5522100
20140130,116.309998,116.959999,115.18,116.449997,5538700
20140131,113.900002,113.900002,111.110001,111.629997,15523500
20140203,112.349998,112.459999,110.540001,111.139999,11275300
20140204,111.860001,112.040001,110.489998,110.830002,9717200
20140205,111.00,111.00,109.269997,109.519997,10562900
20140206,110.110001,111.349998,109.910004,111.269997,7983300
20140207,111.910004,112.120003,110.389999,112.050003,7071800
20140210,112.470001,112.470001,111.080002,111.690002,9251300
20140211,112.029999,113.870003,111.949997,113.580002,6874700
20140212,112.889999,112.889999,111.809998,112.029999,6422100
20140213,111.730003,112.739998,111.18,112.510002,5061600
20140214,112.580002,113.830002,111.589996,113.480003,6776400
20140218,113.860001,114.110001,112.599998,112.709999,6106600
20140219,112.550003,115.050003,112.470001,113.599998,7989900
20140220,113.510002,115.330002,113.099998,114.599998,8406900
20140221,114.720001,114.739998,112.599998,112.68,9221100
20140224,113.370003,115.00,113.050003,114.150002,7337900
20140225,114.370003,115.440002,114.239998,114.970001,5976100
20140226,114.82,115.860001,114.400002,115.510002,6113800
20140227,115.660004,115.82,114.559998,115.690002,4922600
20140228,115.870003,116.739998,114.809998,115.330002,6944600
20140303,114.790001,116.190002,114.260002,114.839996,6046200
20140304,115.889999,116.269997,115.260002,115.32,5611500
20140305,115.080002,115.260002,114.010002,114.43,6703700
20140306,114.709999,115.150002,114.349998,114.849998,5179600
20140307,115.07,115.949997,114.639999,115.080002,5055600
20140310,115.449997,115.940002,114.120003,115.839996,6203000
20140311,115.900002,116.230003,114.239998,114.510002,6274300
20140312,114.139999,116.360001,114.129997,115.650002,6812900
20140313,115.599998,115.75,114.120003,114.449997,5405100
20140314,114.360001,114.900002,113.68,114.099998,6280000
20140317,114.260002,115.290001,114.129997,115.07,5894500
20140318,115.620003,116.559998,115.199997,116.239998,6329600
20140319,115.879997,116.739998,114.660004,115.199997,5569600
20140320,114.849998,116.080002,114.32,115.510002,5280600
20140321,116.290001,118.00,115.580002,115.629997,14893600
20140324,116.00,116.690002,115.650002,115.849998,5386900
20140325,116.230003,117.190002,116.209999,117.089996,5573000
20140326,117.800003,118.279999,117.360001,117.709999,5971600
20140327,117.75,117.989998,116.830002,117.669998,5224600
20140328,118.129997,118.550003,117.699997,118.50,5875100
20140331,118.790001,119.620003,118.489998,118.910004,5482700
20140401,119.150002,119.610001,118.839996,119.00,5391400
20140402,118.519997,119.540001,118.519997,119.349998,4505600
20140403,119.779999,119.790001,118.889999,119.040001,4446400
20140404,119.75,119.75,118.589996,118.800003,5301300
20140407,118.32,118.82,117.339996,117.339996,5241300
20140408,117.660004,118.309998,117.18,117.800003,4706100
20140409,117.830002,119.25,117.589996,119.099998,5376500
20140410,117.199997,118.059998,116.550003,116.690002,8769200
20140411,116.50,117.730003,116.50,117.029999,7028800
20140414,117.839996,118.830002,117.339996,118.699997,6817700
20140415,118.709999,120.309998,118.339996,120.300003,7681900
20140416,120.900002,122.120003,120.900002,121.830002,7277000
20140417,121.720001,123.849998,121.720001,123.68,8604900
20140421,123.050003,124.400002,123.050003,124.239998,6351100
20140422,123.870003,124.349998,123.610001,124.00,5849200
20140423,124.190002,124.959999,124.190002,124.690002,5596300
20140424,124.839996,124.919998,124.139999,124.300003,5185300
20140425,124.230003,124.699997,123.580002,123.989998,5776300
20140428,124.260002,126.059998,124.25,125.730003,7687800
20140429,125.919998,127.269997,125.760002,125.970001,6666800
20140430,125.760002,125.980003,125.309998,125.519997,6123500
20140501,125.660004,125.760002,124.279999,124.940002,6379600
20140502,123.900002,125.800003,123.580002,124.720001,5406100
20140505,124.82,125.849998,124.339996,125.360001,4224400
20140506,125.00,125.690002,124.519997,124.970001,5600000
20140507,125.949997,126.779999,125.639999,126.230003,5436000
20140508,125.699997,126.129997,124.870003,125.089996,5009800
20140509,125.389999,126.07,124.639999,125.029999,4826100
20140512,125.57,125.57,124.629997,125.239998,4914700
20140513,125.57,125.989998,124.970001,125.849998,4415200
20140514,126.139999,126.779999,125.760002,126.419998,4961400
20140515,125.169998,125.50,123.550003,123.809998,5939500
20140516,123.959999,124.349998,122.889999,123.18,6435100
20140519,122.949997,123.419998,122.849998,122.949997,4042300
20140520,122.949997,123.099998,122.239998,122.50,4044400
20140521,123.00,124.360001,122.940002,124.160004,4758700
20140522,124.099998,124.410004,123.559998,123.629997,3262700
20140523,124.099998,124.360001,123.330002,123.370003,3808100
20140527,123.760002,123.989998,122.75,122.839996,4283300
20140528,122.900002,123.309998,122.519997,122.519997,4702900
20140529,122.889999,122.900002,121.650002,122.32,6255000
20140530,122.239998,122.879997,122.010002,122.790001,5174700
20140602,122.93,123.040001,122.010002,122.209999,3689800
20140603,122.389999,122.82,121.720001,122.550003,3563800
20140604,122.32,122.68,122.00,122.349998,3285500
20140605,122.529999,123.779999,122.459999,123.519997,4220600
20140606,123.699997,124.699997,123.540001,124.190002,4295400
20140609,124.010002,124.639999,123.879997,124.370003,3657700
20140610,124.980003,125.370003,124.150002,125.339996,5869400
20140611,125.129997,125.470001,124.620003,125.18,4570900
20140612,125.730003,126.230003,125.419998,126.110001,6815800
20140613,125.940002,127.260002,125.900002,127.260002,5573600
20140616,127.150002,128.809998,127.139999,128.539993,7065300
20140617,127.900002,129.039993,127.57,128.830002,6720700
20140618,128.960007,130.50,128.360001,130.279999,7697700
20140619,130.289993,132.00,129.910004,131.990005,7419900
20140620,131.949997,132.399994,130.880005,132.339996,11348300
20140623,132.520004,133.570007,132.419998,132.979996,11006900
20140624,132.740005,133.460007,131.710007,131.770004,8581100
20140625,131.339996,132.360001,131.009995,131.229996,6714200
20140626,131.210007,131.220001,129.529999,130.919998,6111400
20140627,130.729996,130.949997,129.300003,130.360001,8674700
20140630,130.149994,130.630005,129.369995,130.550003,5698900
20140701,130.940002,131.419998,130.460007,130.539993,4000500
20140702,130.529999,130.919998,129.990005,130.229996,5136800
20140703,131.440002,131.589996,130.720001,131.190002,3514000
20140707,130.440002,130.639999,130.020004,130.470001,3660000
20140708,129.699997,130.380005,129.520004,129.899994,4687600
20140709,130.270004,131.690002,129.990005,131.389999,5200800
20140710,130.479996,130.860001,129.899994,130.25,4404800
20140711,129.130005,129.889999,128.029999,128.470001,5242700
20140714,128.800003,129.50,128.380005,129.259995,4135800
20140715,129.070007,129.50,128.610001,129.259995,4845000
20140716,129.889999,130.940002,129.690002,130.889999,4491800
20140717,130.639999,131.50,129.880005,130.080002,4953600
20140718,130.639999,130.729996,129.580002,130.389999,4339400
20140721,130.110001,131.339996,130.009995,131.289993,3714000
20140722,131.550003,133.199997,131.550003,132.580002,4391700
20140723,132.699997,133.929993,132.479996,133.880005,4589500
20140724,134.029999,135.100006,133.690002,134.850006,5337900
20140725,134.580002,134.610001,133.059998,133.570007,3702000
20140728,133.559998,133.800003,132.889999,133.240005,4625000
20140729,132.899994,133.720001,132.419998,132.419998,4189100
20140730,132.970001,133.690002,131.50,132.529999,4601800
20140731,131.729996,131.970001,129.100006,129.240005,7973700
20140801,127.760002,128.960007,126.360001,127.900002,7377800
20140804,127.690002,128.360001,126.029999,128.169998,7360000
20140805,127.809998,127.809998,124.580002,124.959999,8066700
20140806,124.900002,126.970001,124.800003,125.730003,5134900
20140807,126.190002,126.730003,124.830002,125.650002,4650700
20140808,126.07,127.959999,125.910004,127.860001,4730700
20140811,128.160004,128.669998,127.540001,127.709999,3466500
20140812,127.139999,127.279999,126.260002,127.089996,4944100
20140813,127.639999,128.240005,126.870003,127.599998,3518200
20140814,127.68,127.699997,126.529999,126.959999,4524000
20140815,126.419998,126.790001,125.68,126.099998,5754300
20140818,126.269997,126.589996,125.629997,126.300003,4630000
20140819,126.720001,127.699997,126.550003,127.629997,3887800
20140820,127.25,127.599998,126.779999,127.489998,3230300
20140821,127.68,128.179993,127.18,127.93,2668100
20140822,127.019997,127.50,126.470001,127.110001,3236900
20140825,127.57,128.070007,127.379997,127.839996,2645700
20140826,128.059998,128.710007,127.940002,128.25,2832400
20140827,128.410004,128.820007,128.190002,128.639999,2767000
20140828,128.279999,128.899994,128.25,128.75,2409000
20140829,129.00,129.529999,128.50,129.449997,3519000
20140902,129.199997,129.380005,127.059998,127.540001,4744500
20140903,128.449997,128.880005,127.669998,127.860001,3846300
20140904,128.210007,128.460007,126.199997,126.800003,5191200
20140905,127.150002,127.440002,126.160004,127.400002,5035500
20140908,126.68,126.75,125.690002,126.209999,4200800
20140909,124.489998,125.790001,124.260002,125.18,6721600
20140910,124.459999,124.739998,123.010002,124.279999,10941800
20140911,123.279999,124.07,122.410004,123.830002,6569600
20140912,123.540001,123.660004,122.209999,122.660004,4915600
20140915,122.349998,124.779999,122.059998,124.239998,5437600
20140916,124.059998,125.68,123.610001,124.959999,6587200
20140917,125.129997,125.489998,124.449997,124.720001,4583500
20140918,124.849998,125.040001,123.849998,124.139999,4683200
20140919,124.940002,125.699997,124.650002,124.800003,10090000
20140922,124.599998,124.919998,123.470001,123.489998,5850500
20140923,123.529999,123.980003,122.860001,123.059998,5620700
20140924,123.07,123.07,120.849998,122.400002,8005900
20140925,122.199997,122.610001,120.68,120.68,6466300
20140926,120.550003,122.040001,120.019997,121.470001,5500500
20140929,120.720001,120.739998,119.139999,120.550003,6791500
20140930,120.510002,120.510002,118.660004,119.32,8385700
20141001,118.800003,119.349998,117.379997,117.650002,8027900
20141002,117.389999,117.900002,116.129997,117.110001,8171200
20141003,118.160004,118.160004,116.400002,117.709999,6298300
20141006,117.910004,119.050003,117.279999,118.089996,5409500
20141007,117.470001,118.43,116.00,116.019997,7303800
20141008,115.830002,118.25,115.150002,117.949997,9517400
20141009,117.019997,117.080002,114.239998,114.510002,11489200
20141010,114.699997,115.730003,112.879997,113.889999,9253100
20141013,113.550003,114.589996,111.849998,112.029999,7799100
20141014,112.599998,113.050003,109.099998,109.779999,11541500
20141015,108.57,109.50,106.650002,109.269997,15278400
20141016,107.959999,111.32,107.199997,111.059998,11908400
20141017,111.779999,112.739998,110.730003,111.800003,10895500
20141020,111.529999,112.279999,110.970001,111.489998,8823800
20141021,113.18,115.169998,112.910004,115.089996,8899700
20141022,115.199997,116.239998,113.910004,114.00,7211600
20141023,116.00,117.32,114.949997,116.190002,7195500
20141024,116.190002,116.260002,114.529999,115.910004,5507900
20141027,114.379997,115.370003,113.459999,115.019997,6714600
20141028,116.169998,117.269997,115.160004,117.129997,7272600
20141029,118.00,118.93,116.099998,117.139999,6873700
20141030,116.18,117.25,115.57,117.199997,5174300
20141031,118.349998,120.169998,116.389999,119.949997,10669500
20141103,119.830002,119.970001,116.459999,116.779999,10343300
20141104,115.989998,116.019997,114.800003,115.370003,9585800
20141105,117.269997,117.300003,114.860001,117.050003,6603300
20141106,116.900002,118.550003,116.360001,118.529999,6383800
20141107,118.75,119.730003,118.360001,118.800003,7366600
20141110,119.580002,119.669998,117.309998,117.919998,6114600
20141111,117.949997,118.669998,117.300003,118.440002,3957000
20141112,117.860001,118.709999,117.379997,117.650002,4923400
20141113,117.089996,117.470001,115.639999,116.449997,11019000
20141114,115.699997,116.349998,115.419998,116.32,4891600
20141117,115.959999,116.150002,115.269997,115.75,5713700
20141118,115.970001,116.629997,115.25,115.470001,5672800
20141119,115.970001,116.68,115.07,116.470001,4270300
20141120,116.160004,117.470001,116.160004,117.309998,5263000
20141121,118.790001,118.910004,117.730003,118.580002,7361400
20141124,118.129997,118.580002,117.150002,117.589996,5807300
20141125,117.800003,117.82,115.629997,116.150002,6665000
20141126,116.07,116.349998,115.019997,115.110001,6715100
20141128,111.589996,111.690002,108.43,108.870003,11935600
20141201,109.379997,112.489998,108.68,111.730003,13400100
20141202,111.269997,114.559998,110.889999,114.019997,8513500
20141203,114.739998,114.82,113.150002,113.709999,8049800
20141204,113.080002,113.080002,111.010002,112.279999,8100700
20141205,111.790001,112.290001,110.709999,110.870003,7663400
20141208,109.889999,109.940002,106.410004,106.800003,13809000
20141209,106.169998,108.150002,106.129997,107.010002,11053000
20141210,106.220001,106.25,103.07,104.860001,15073400
20141211,104.970001,107.269997,104.300003,104.910004,10293600
20141212,103.760002,104.349998,102.370003,102.379997,12013600
20141215,103.129997,103.910004,100.419998,100.860001,13144200
20141216,100.50,104.470001,100.150002,101.699997,12722200
20141217,102.18,106.589996,102.010002,106.019997,13354000
20141218,108.010002,109.029999,105.489998,109.029999,13533000
20141219,109.529999,112.959999,108.50,112.93,15723300
20141222,112.360001,112.989998,111.07,112.029999,9433500
20141223,112.760002,114.449997,112.32,113.949997,8092000
20141224,113.660004,114.139999,112.07,113.470001,4536500
20141226,113.93,114.349998,112.82,113.25,4380400
20141229,113.440002,114.379997,112.779999,113.32,6043000
20141230,112.93,113.650002,112.150002,113.110001,5659500
20141231,111.650002,113.309998,111.529999,112.18,6411800
20150102,111.629997,113.00,110.849998,112.580002,5898800
20150105,110.959999,111.199997,107.440002,108.080002,11758100
20150106,107.870003,109.019997,106.480003,108.029999,11591600
20150107,109.25,109.730003,107.510002,107.940002,10353800
20150108,109.190002,110.440002,108.599998,110.410004,8650800
20150109,110.139999,110.220001,107.669998,108.209999,9584500
20150112,107.470001,107.470001,105.559998,105.879997,8912300
20150113,106.919998,107.660004,103.190002,104.199997,13277700
20150114,103.199997,104.410004,101.830002,103.900002,14116900
20150115,103.900002,104.940002,102.529999,102.669998,9664600
20150116,102.470001,105.139999,102.470001,105.120003,12604600
20150120,104.559998,106.580002,103.809998,106.470001,10406800
20150121,106.790001,108.269997,106.349998,108.160004,8271000
20150122,108.760002,109.120003,106.989998,108.919998,7471100
20150123,108.220001,108.75,106.730003,106.849998,7984400
20150126,107.220001,109.349998,106.32,108.879997,7670500
20150127,108.110001,108.809998,107.629997,108.260002,6388700
20150128,108.160004,108.169998,103.419998,103.709999,10526500
20150129,104.239998,104.629997,101.660004,103.00,13994400
20150130,101.599998,103.279999,98.879997,102.529999,20584700
20150202,103.980003,106.129997,102.970001,106.059998,11537600
20150203,107.699997,110.110001,107.669998,109.529999,14266700
20150204,108.489998,109.279999,107.389999,108.349998,10176000
20150205,109.57,110.110001,108.57,109.309998,7533300
20150206,109.660004,110.459999,109.110001,109.610001,7579100
20150209,109.839996,111.50,109.650002,110.43,6403000
20150210,110.519997,110.620003,108.089996,110.18,7033700
20150211,108.980003,110.18,108.290001,109.980003,8662000
20150212,110.279999,111.050003,109.82,110.860001,6618000
20150213,111.349998,112.839996,111.099998,112.779999,7494400
20150217,112.309998,112.93,111.519997,112.400002,7097300
20150218,111.25,111.650002,110.370003,110.440002,6920300
20150219,108.199997,109.580002,107.239998,108.349998,9721100
20150220,108.43,108.870003,107.50,108.599998,7610600
20150223,107.790001,108.50,107.349998,107.860001,6724000
20150224,107.889999,108.239998,107.339996,107.959999,5708400
20150225,108.120003,108.779999,107.760002,108.580002,4806500
20150226,107.889999,107.919998,106.599998,107.059998,5903100
20150227,107.519997,107.730003,106.57,106.68,6396500
20150302,106.32,106.339996,104.93,105.900002,7343700
20150303,105.879997,106.220001,104.809998,105.160004,6901200
20150304,105.639999,105.639999,104.440002,105.160004,5784900
20150305,105.010002,105.309998,104.330002,104.730003,5156900
20150306,104.220001,104.519997,103.169998,103.550003,7213300
20150309,103.599998,105.629997,103.50,103.949997,7506200
20150310,103.790001,104.550003,102.330002,102.910004,10679000
20150311,103.519997,103.889999,102.449997,103.540001,8440700
20150312,104.220001,104.510002,102.300003,102.419998,5900600
20150313,101.839996,101.839996,100.660004,101.620003,8345200
20150316,101.440002,103.269997,101.00,103.129997,6780200
20150317,102.300003,103.550003,102.099998,103.169998,7097500
20150318,102.610001,106.879997,102.370003,106.699997,11059700
20150319,105.099998,105.400002,104.650002,104.75,7841900
20150320,105.290001,107.260002,105.110001,107.029999,14064900
20150323,107.510002,107.690002,105.919998,105.919998,6807700
20150324,105.919998,106.190002,104.160004,104.199997,6677800
20150325,104.660004,106.199997,104.330002,105.669998,9169400
20150326,106.279999,106.519997,104.160004,105.25,7276900
20150327,104.989998,104.989998,103.669998,104.279999,5830300
20150330,104.970001,107.209999,104.970001,106.900002,7172400
20150331,105.620003,106.07,104.879997,104.980003,7254100
20150401,105.769997,106.220001,104.50,104.790001,7347200
20150402,104.449997,105.68,104.080002,105.279999,5123900
20150406,106.029999,107.860001,105.220001,106.919998,6724000
20150407,106.970001,109.089996,106.620003,108.540001,8536000
20150408,108.860001,108.919998,106.519997,106.660004,7894800
20150409,106.800003,107.239998,106.18,106.949997,5760500
20150410,107.470001,107.660004,106.809998,106.910004,5012200
20150413,107.349998,107.900002,106.440002,106.50,4307200
20150414,107.699997,109.089996,107.260002,108.839996,7262700
20150415,109.589996,110.690002,109.379997,110.410004,6704000
20150416,109.900002,110.940002,109.00,110.160004,5904200
20150417,109.360001,109.690002,108.260002,109.110001,6548700
20150420,109.57,111.709999,109.550003,110.290001,7148800
20150421,110.050003,110.739998,109.309998,109.730003,5674900
20150422,110.050003,110.440002,109.209999,109.50,5643100
20150423,110.00,110.650002,109.599998,109.970001,6940000
20150424,109.669998,110.040001,109.029999,109.870003,4995000
20150427,110.339996,110.739998,109.540001,109.699997,4858700
20150428,110.050003,111.239998,109.650002,111.120003,5321600
20150429,110.82,111.989998,110.68,111.730003,5665800
20150430,112.040001,112.199997,110.440002,111.059998,6666800
20150501,110.279999,110.800003,108.339996,109.040001,10362700
20150504,109.379997,109.410004,107.989998,108.32,7660100
20150505,109.239998,109.93,108.00,108.00,6463300
20150506,109.239998,109.529999,107.300003,107.949997,5820400
20150507,107.690002,108.199997,106.690002,107.57,5798300
20150508,108.290001,108.800003,107.400002,108.650002,7078900
20150511,108.650002,108.690002,107.300003,107.360001,6003600
20150512,107.440002,108.00,107.099998,107.559998,5026500
20150513,107.980003,108.470001,107.300003,107.699997,5517600
20150514,108.019997,109.300003,108.019997,108.449997,9751700
20150515,107.209999,108.330002,106.940002,108.029999,5641600
20150518,107.50,107.510002,106.580002,106.650002,6390600
20150519,106.050003,106.309998,105.00,105.019997,7927600
20150520,105.419998,105.900002,104.760002,105.25,6521200
20150521,105.970001,106.269997,105.300003,105.489998,6549300
20150522,105.089996,105.550003,104.860001,104.889999,4717200
20150526,104.220001,104.440002,102.93,103.290001,8010200
20150527,103.199997,103.779999,102.730003,103.110001,5857500
20150528,102.959999,103.419998,102.379997,103.239998,5099900
20150529,103.139999,103.57,102.669998,103.00,6673400
20150601,103.470001,103.75,102.489998,102.629997,5412400
20150602,102.650002,103.110001,102.110001,102.580002,5040000
20150603,102.400002,103.379997,102.120003,102.169998,5175700
20150604,101.889999,102.370003,100.980003,101.389999,6896400
20150605,101.18,103.099998,100.989998,101.589996,6080900
20150608,101.290001,101.389999,99.949997,100.419998,8213900
20150609,100.699997,101.25,100.220001,100.419998,7157000
20150610,102.519997,102.580002,101.519997,101.830002,7588400
20150611,101.870003,102.199997,100.940002,101.120003,5582900
20150612,100.519997,100.690002,99.629997,99.870003,6475500
20150615,99.449997,100.059998,99.129997,99.290001,6178100
20150616,99.199997,100.449997,98.809998,100.040001,8763700
20150617,100.830002,101.169998,99.519997,99.760002,8231100
20150618,100.260002,100.900002,100.150002,100.25,7168000
20150619,99.720001,100.169998,99.459999,99.470001,10512000
20150622,99.830002,100.370003,99.370003,100.290001,6416100
20150623,99.959999,100.43,99.540001,100.089996,5697900
20150624,99.980003,100.68,99.269997,99.269997,7451900
20150625,99.449997,99.660004,98.290001,98.339996,6062800
20150626,98.239998,98.690002,97.809998,98.599998,10015500
20150629,97.50,97.959999,96.599998,96.690002,8764600
20150630,97.449997,97.660004,96.220001,96.470001,9925400
20150701,96.300003,96.620003,95.550003,96.089996,7295300
20150702,96.360001,96.669998,95.720001,95.870003,6419100
20150706,95.059998,95.559998,94.480003,94.769997,8341600
20150707,94.410004,95.480003,93.50,95.269997,11774900
20150708,94.589996,95.089996,93.260002,93.559998,7719100
20150709,94.900002,95.209999,93.760002,93.779999,7909000
20150710,94.529999,94.949997,94.07,94.410004,5631900
20150713,94.309998,94.889999,94.150002,94.599998,5038800
20150714,94.400002,95.790001,94.389999,95.550003,5218600
20150715,95.040001,95.699997,93.889999,94.239998,6490400
20150716,94.279999,94.730003,93.900002,94.480003,6422700
20150717,94.230003,94.389999,92.900002,93.150002,8214200
20150720,93.300003,93.489998,92.589996,92.940002,6006900
20150721,93.00,94.139999,93.00,93.900002,7043100
20150722,93.510002,94.330002,93.290001,93.510002,9327500
20150723,93.57,94.07,92.699997,92.940002,7360700
20150724,92.779999,92.779999,90.349998,90.599998,11158400
20150727,89.860001,90.089996,88.739998,89.139999,10342700
20150728,89.449997,92.690002,89.43,92.400002,11536900
20150729,91.980003,93.400002,91.440002,93.25,9821500
20150730,93.449997,93.809998,92.75,93.029999,6435700
20150731,91.519997,91.75,88.010002,88.480003,19063400
20150803,87.279999,87.330002,85.32,85.599998,14142200
20150804,85.739998,86.900002,84.68,85.209999,8537200
20150805,85.440002,86.00,83.870003,84.029999,11254600
20150806,83.559998,85.580002,82.889999,85.190002,9805000
20150807,84.709999,85.260002,83.43,83.75,7422000
20150810,84.199997,86.099998,83.879997,85.889999,8342000
20150811,84.379997,85.980003,83.599998,85.779999,9797400
20150812,85.00,87.110001,84.919998,86.790001,11316300
20150813,86.029999,86.339996,85.449997,85.849998,9562400
20150814,85.779999,86.419998,85.290001,85.989998,7748900
20150817,84.459999,84.510002,83.110001,83.230003,12602500
20150818,83.080002,83.769997,82.82,83.440002,9093400
20150819,82.870003,82.910004,80.669998,80.910004,13129000
20150820,80.660004,81.290001,79.239998,79.239998,11857200
20150821,78.870003,79.589996,75.709999,75.760002,18383600
20150824,70.550003,75.379997,69.580002,72.120003,24191900
20150825,74.93,75.019997,69.839996,70.019997,21128000
20150826,71.720001,73.099998,70.949997,73.089996,17400400
20150827,75.00,78.120003,74.559998,77.639999,21539600
20150828,77.720001,81.199997,77.580002,80.43,23735400
20150831,80.010002,81.080002,77.919998,80.989998,16880400
20150901,78.760002,79.389999,77.519997,78.190002,17954200
20150902,79.75,79.75,77.230003,78.059998,14255900
20150903,78.699997,79.419998,77.690002,78.260002,12282600
20150904,77.300003,77.629997,76.449997,76.669998,11210000
20150908,77.529999,77.559998,76.239998,76.839996,9316500
20150909,77.43,78.199997,74.75,74.919998,11297400
20150910,75.730003,75.800003,74.309998,75.660004,11475200
20150911,75.940002,76.25,75.089996,75.790001,11032100
20150914,75.519997,76.00,74.959999,75.769997,10235500
20150915,76.43,77.690002,76.209999,77.169998,11678100
20150916,77.82,79.209999,77.769997,79.019997,12593500
20150917,79.120003,80.470001,78.599998,79.410004,12324300
20150918,77.910004,78.699997,76.970001,77.739998,18635900
20150921,78.300003,78.730003,77.839996,78.089996,8523500
20150922,76.839996,77.690002,76.489998,77.25,9692300
20150923,77.400002,77.529999,75.760002,76.120003,9043000
20150924,75.449997,77.309998,75.099998,76.889999,10302600
20150925,77.870003,78.160004,76.919998,77.699997,10862600
20150928,76.660004,76.93,75.75,75.769997,10567000
20150929,76.040001,76.660004,75.279999,76.25,8797800
20150930,77.150002,79.019997,77.00,78.879997,14108800
20151001,79.720001,80.889999,77.809998,78.339996,11111900
20151002,77.739998,81.550003,77.309998,81.550003,13051900
20151005,82.410004,84.190002,82.349998,84.029999,14196800
20151006,84.18,87.629997,84.07,86.989998,18897100
20151007,88.25,89.510002,86.279999,88.120003,17670500
20151008,87.889999,90.139999,87.800003,89.910004,11299100
20151009,90.199997,90.400002,88.669998,89.57,10011100
20151012,89.860001,89.980003,87.870003,88.739998,7917500
20151013,87.800003,88.940002,87.290001,88.379997,8012500
20151014,88.230003,89.970001,87.709999,89.760002,9734500
20151015,89.650002,90.870003,88.440002,90.720001,8960400
20151016,91.550003,91.660004,90.019997,91.290001,7754600
20151019,90.360001,90.540001,89.220001,90.029999,8900400
20151020,89.50,90.489998,89.389999,89.989998,8221100
20151021,89.440002,90.629997,89.139999,89.330002,7423400
20151022,89.739998,91.809998,89.739998,91.620003,8971700
20151023,90.75,91.93,90.089996,91.239998,8134800
20151026,90.870003,90.879997,88.580002,88.769997,8606600
20151027,87.730003,87.959999,86.739998,87.699997,9328800
20151028,88.209999,90.120003,87.919998,89.790001,8236500
20151029,89.32,90.93,89.139999,89.889999,6686000
20151030,91.139999,91.980003,89.410004,90.879997,11559300
20151102,90.610001,95.279999,90.480003,94.959999,14277300
20151103,95.419998,98.639999,95.419998,98.139999,17669200
20151104,98.019997,98.099998,96.080002,96.769997,11931300
20151105,96.050003,96.550003,94.330002,94.550003,11184800
20151106,93.709999,94.07,91.760002,94.029999,9634200
20151109,93.480003,94.449997,92.099998,92.32,7659100
20151110,92.099998,93.50,91.839996,93.230003,6823100
20151111,93.389999,93.709999,91.860001,92.190002,6085300
20151112,90.75,91.150002,89.25,89.860001,8951300
20151113,89.57,89.970001,88.190002,88.68,7676600
20151116,87.790001,91.470001,87.790001,91.449997,9761200
