20140102,91.139999,91.730003,91.010002,91.029999,5919600
20140103,91.290001,92.220001,91.260002,91.849998,5637600
20140106,91.93,92.75,91.870003,92.330002,7443500
20140107,93.040001,94.620003,92.989998,94.290001,11063300
20140108,94.169998,94.599998,93.879997,94.160004,9096700
20140109,94.940002,95.379997,94.089996,94.730003,7944700
20140110,94.639999,94.980003,94.139999,94.739998,6697400
20140113,94.370003,94.989998,94.059998,94.50,9589200
20140114,94.599998,94.900002,94.32,94.720001,7567300
20140115,94.650002,95.269997,94.510002,94.800003,7390700
20140116,94.599998,95.089996,94.230003,94.639999,8401100
20140117,94.720001,95.169998,94.379997,95.059998,13714400
20140121,94.93,95.099998,92.620003,94.029999,16368400
20140122,93.989998,94.550003,93.540001,94.32,8875500
20140123,93.739998,93.800003,92.410004,92.739998,9322300
20140124,92.120003,92.610001,90.610001,90.610001,10604200
20140127,90.300003,90.760002,89.849998,89.940002,8685200
20140128,90.580002,90.599998,89.790001,90.099998,8254400
20140129,89.470001,89.709999,88.529999,88.900002,11160100
20140130,89.620003,89.779999,89.010002,89.50,6874900
20140131,89.010002,89.339996,88.150002,88.470001,12193800
20140203,88.75,88.779999,86.610001,86.779999,13944600
20140204,86.93,87.279999,86.089996,86.620003,11436400
20140205,86.489998,87.669998,86.480003,87.279999,10667300
20140206,87.629997,88.760002,87.550003,88.75,10037900
20140207,88.919998,90.040001,88.610001,90.040001,9435100
20140210,90.239998,91.080002,89.800003,91.07,8080200
20140211,91.089996,92.970001,90.949997,92.970001,11556300
20140212,92.949997,92.989998,91.949997,92.419998,7696100
20140213,92.00,92.620003,91.709999,92.559998,5926000
20140214,92.599998,92.949997,92.029999,92.760002,5485100
20140218,92.769997,92.849998,92.089996,92.169998,6926500
20140219,92.150002,92.75,91.57,91.639999,7693400
20140220,91.690002,92.730003,91.309998,92.379997,8160100
20140221,91.860001,92.25,91.449997,91.519997,7381500
20140224,91.449997,92.059998,91.099998,91.110001,8406700
20140225,91.589996,91.870003,90.660004,91.110001,6383400
20140226,91.110001,91.540001,90.769997,91.110001,6334100
20140227,91.160004,91.419998,90.75,91.360001,7040300
20140228,91.419998,92.639999,91.059998,92.120003,9643700
20140303,91.129997,91.980003,90.830002,91.559998,7506700
20140304,92.470001,93.459999,92.25,93.339996,8796300
20140305,93.269997,93.300003,92.379997,92.589996,6842500
20140306,93.190002,93.650002,92.82,92.889999,7718300
20140307,93.370003,93.480003,92.690002,93.32,6792000
20140310,93.169998,93.489998,92.790001,93.449997,4878200
20140311,93.709999,93.75,93.089996,93.489998,5837200
20140312,92.82,93.620003,92.650002,93.599998,6154900
20140313,93.849998,94.199997,92.980003,93.00,7659400
20140314,92.879997,93.440002,92.459999,92.809998,7337800
20140317,93.260002,94.18,93.18,93.93,5872600
20140318,93.900002,94.239998,93.480003,93.940002,5891900
20140319,93.889999,94.360001,92.919998,93.589996,5937600
20140320,93.519997,94.190002,92.959999,94.120003,5727400
20140321,94.769997,95.93,93.879997,95.93,23988800
20140324,95.300003,95.43,94.540001,95.199997,13944100
20140325,95.699997,97.699997,95.699997,97.379997,14167300
20140326,97.510002,98.470001,97.050003,97.050003,11215100
20140327,97.080002,97.699997,96.260002,97.279999,8694600
20140328,97.510002,98.220001,96.959999,97.440002,8816000
20140331,98.00,98.599998,97.610001,98.230003,7545700
20140401,98.309998,98.68,97.370003,97.940002,7068500
20140402,98.010002,98.389999,97.370003,98.230003,7995600
20140403,97.970001,98.339996,97.529999,98.260002,5471200
20140404,98.620003,99.379997,98.32,98.419998,10309700
20140407,98.389999,99.360001,97.830002,97.889999,11409200
20140408,98.029999,98.730003,97.50,98.059998,9601800
20140409,98.419998,99.00,97.779999,98.949997,8921300
20140410,98.860001,98.93,96.519997,96.540001,9667800
20140411,96.199997,97.199997,96.050003,96.870003,8710700
20140414,97.279999,97.360001,96.25,97.139999,8617200
20140415,98.449997,99.209999,98.050003,99.199997,13999100
20140416,99.57,99.709999,98.07,98.75,11308000
20140417,98.690002,99.650002,98.690002,98.959999,9153500
20140421,99.010002,100.129997,98.669998,100.00,7031400
20140422,100.00,100.75,99.739998,100.18,7937900
20140423,100.239998,100.559998,99.919998,100.220001,5876000
20140424,100.239998,100.370003,99.550003,99.959999,6149900
20140425,99.970001,100.260002,99.400002,99.790001,5895900
20140428,100.559998,101.50,100.120003,101.339996,8792900
20140429,101.629997,101.980003,100.959999,101.029999,7811200
20140430,100.839996,101.669998,100.699997,101.290001,8513600
20140501,100.769997,101.029999,99.93,100.529999,6590500
20140502,100.169998,100.379997,98.879997,99.309998,8744200
20140505,99.290001,100.169998,99.040001,100.00,5438200
20140506,100.019997,100.019997,99.510002,99.510002,5795900
20140507,99.849998,101.050003,99.349998,100.910004,8720800
20140508,100.669998,101.089996,100.360001,100.50,5667900
20140509,100.860001,101.25,100.410004,100.910004,5691700
20140512,101.239998,101.239998,100.419998,100.519997,7437300
20140513,100.900002,101.489998,100.629997,101.019997,6183200
20140514,100.949997,101.099998,100.769997,100.870003,4187200
20140515,100.639999,100.839996,100.410004,100.690002,7007600
20140516,100.57,100.889999,100.139999,100.580002,6516900
20140519,100.220001,100.93,100.129997,100.639999,6997200
20140520,100.809998,100.980003,99.959999,100.25,5438400
20140521,100.599998,101.199997,100.529999,101.139999,5302500
20140522,100.580002,101.010002,100.080002,100.959999,5124900
20140523,101.040001,101.160004,100.669998,100.980003,5275700
20140527,101.099998,101.360001,100.269997,100.809998,4524400
20140528,100.669998,100.93,100.120003,100.300003,4352700
20140529,100.559998,100.800003,100.150002,100.760002,3685200
20140530,100.699997,101.540001,100.550003,101.459999,5973900
20140602,101.540001,102.260002,101.010002,102.169998,5845400
20140603,101.910004,102.599998,101.839996,102.459999,6681300
20140604,102.230003,102.709999,101.940002,102.68,5608600
20140605,102.779999,103.360001,102.419998,103.220001,4730900
20140606,103.25,103.330002,102.839996,103.18,4624000
20140609,103.07,103.230003,102.68,103.220001,3748800
20140610,103.470001,104.120003,102.769997,104.099998,5792100
20140611,103.809998,104.150002,103.129997,103.32,5960500
20140612,103.18,103.209999,102.510002,102.529999,5930700
20140613,102.510002,102.650002,102.169998,102.529999,4301600
20140616,102.519997,102.889999,101.839996,102.449997,5645500
20140617,102.129997,102.199997,101.379997,101.93,4834600
20140618,101.910004,102.830002,101.860001,102.809998,5445000
20140619,102.93,103.870003,102.809998,103.809998,5481500
20140620,104.370003,105.480003,104.07,105.269997,12459700
20140623,104.910004,105.120003,104.440002,104.75,6063200
20140624,104.629997,105.230003,104.550003,104.589996,5915000
20140625,104.230003,105.870003,104.230003,105.760002,6411100
20140626,105.839996,105.970001,105.029999,105.650002,5106900
20140627,105.470001,105.589996,104.449997,104.989998,6463000
20140630,105.620003,106.00,104.519997,104.620003,6944200
20140701,105.150002,106.00,104.989998,105.870003,5129200
20140702,105.699997,105.970001,105.300003,105.860001,3764900
20140703,105.870003,106.25,105.110001,105.419998,4199100
20140707,105.419998,106.739998,105.269997,106.470001,7014900
20140708,106.209999,106.25,105.519997,105.720001,6268400
20140709,106.00,106.209999,105.720001,106.040001,5720900
20140710,105.080002,106.00,104.519997,105.800003,4955100
20140711,105.839996,106.010002,104.860001,105.099998,5461000
20140714,105.379997,105.489998,105.110001,105.379997,7784800
20140715,105.230003,105.470001,102.769997,103.279999,14219700
20140716,103.529999,103.669998,101.949997,102.220001,11946800
20140717,101.900002,102.099998,100.260002,100.370003,11218900
20140718,100.669998,101.959999,100.370003,101.800003,8408400
20140721,101.440002,101.580002,101.019997,101.269997,6379900
20140722,101.910004,102.540001,101.779999,102.470001,6554100
20140723,102.800003,102.93,101.879997,102.190002,4815300
20140724,102.339996,102.730003,102.019997,102.199997,5177200
20140725,102.269997,102.400002,101.800003,102.110001,3951500
20140728,101.889999,102.400002,101.660004,102.110001,4634800
20140729,102.449997,102.510002,101.690002,101.959999,6053900
20140730,102.269997,102.849998,101.809998,102.300003,5994800
20140731,101.769997,101.839996,100.050003,100.089996,9141500
20140801,99.760002,100.410004,98.800003,99.900002,8610700
20140804,99.989998,100.379997,99.32,100.160004,6790800
20140805,99.830002,100.239998,99.550003,99.82,6230900
20140806,99.669998,100.830002,99.599998,100.709999,7412100
20140807,101.089996,101.190002,99.580002,99.93,7417800
20140808,100.209999,101.150002,99.769997,101.080002,5618400
20140811,101.620003,101.779999,101.010002,101.160004,5703000
20140812,101.00,101.220001,100.309998,100.629997,4577700
20140813,101.150002,101.949997,101.150002,101.739998,4563700
20140814,101.889999,102.050003,101.50,102.019997,5239400
20140815,102.209999,102.440002,100.800003,101.169998,6986000
20140818,101.919998,102.720001,101.75,102.699997,5979500
20140819,102.730003,102.959999,102.019997,102.959999,5670000
20140820,102.870003,103.300003,102.699997,103.209999,5183000
20140821,103.330002,104.419998,103.330002,104.190002,8357600
20140822,103.629997,104.029999,102.970001,103.099998,5076300
20140825,103.650002,103.809998,103.089996,103.230003,3678200
20140826,103.470001,103.720001,103.169998,103.440002,3512400
20140827,103.599998,103.720001,102.910004,103.220001,4786100
20140828,102.900002,103.190002,102.709999,102.949997,3482200
20140829,103.099998,103.760002,103.010002,103.730003,5287800
20140902,103.300003,103.709999,103.019997,103.360001,4644800
20140903,103.82,104.099998,103.540001,103.760002,4725800
20140904,103.989998,104.099998,103.760002,103.839996,6147700
20140905,103.919998,104.419998,103.339996,104.419998,5744400
20140908,104.419998,104.580002,103.830002,104.050003,4900300
20140909,104.400002,104.400002,103.550003,103.800003,5999400
20140910,104.190002,105.339996,103.959999,104.989998,7402200
20140911,104.779999,104.889999,104.099998,104.550003,4834100
20140912,104.540001,104.809998,103.959999,104.580002,5929200
20140915,104.589996,104.910004,104.349998,104.720001,4525500
20140916,104.489998,105.940002,104.300003,105.879997,6081400
20140917,105.879997,106.629997,105.800003,106.190002,6627800
20140918,106.18,107.410004,106.029999,107.349998,6628700
20140919,107.889999,108.370003,107.620003,107.989998,13033400
20140922,108.00,108.25,107.779999,107.879997,5788300
20140923,107.769997,108.099998,107.190002,107.459999,8108100
20140924,107.699997,108.769997,107.339996,108.639999,5890900
20140925,108.529999,108.550003,107.07,107.099998,5688200
20140926,107.410004,107.489998,106.199997,107.099998,4467500
20140929,106.379997,106.650002,106.040001,106.540001,6581600
20140930,106.50,107.209999,106.449997,106.589996,6822500
20141001,105.980003,106.279999,103.949997,104.300003,12263700
20141002,104.059998,104.540001,103.25,103.849998,7566100
20141003,104.230003,105.190002,104.129997,105.129997,6856100
20141006,105.68,106.00,104.370003,104.860001,5015100
20141007,104.459999,104.459999,102.339996,102.389999,8407800
20141008,102.43,105.029999,102.040001,104.910004,8337000
20141009,104.629997,104.860001,101.790001,102.080002,10675900
20141010,102.349998,102.529999,101.230003,101.230003,9984100
20141013,101.459999,101.459999,99.019997,99.120003,10334600
20141014,100.529999,100.900002,95.339996,97.010002,20807400
20141015,96.050003,98.720001,95.099998,98.209999,21905900
20141016,96.970001,98.00,96.50,96.779999,14575300
20141017,97.540001,99.150002,97.309998,98.699997,12272900
20141020,98.830002,99.199997,98.32,99.199997,7988900
20141021,99.830002,100.379997,99.339996,100.360001,7287300
20141022,101.099998,101.790001,100.519997,101.220001,9360100
20141023,102.260002,102.980003,101.940002,102.629997,7570400
20141024,102.949997,103.290001,102.209999,103.129997,5973100
20141027,103.07,104.239998,103.040001,104.07,7043900
20141028,104.550003,104.800003,103.559998,104.790001,10222100
20141029,105.00,105.559998,104.860001,105.559998,8188300
20141030,105.169998,107.050003,104.910004,107.040001,9067700
20141031,107.940002,108.18,107.260002,107.779999,10800100
20141103,107.830002,108.120003,106.75,107.459999,7082600
20141104,107.889999,108.730003,107.339996,108.620003,9349000
20141105,109.050003,109.260002,107.949997,108.82,6966800
20141106,108.93,109.32,108.550003,109.010002,6200300
20141107,109.00,109.029999,107.919998,108.199997,6652600
20141110,108.07,108.919998,107.199997,108.82,7573300
20141111,108.879997,109.400002,108.550003,108.910004,6221100
20141112,108.669998,109.00,108.389999,108.75,4889400
20141113,109.050003,109.489998,108.50,109.07,4859600
20141114,108.919998,109.059998,108.010002,108.160004,5650700
20141117,108.00,108.690002,107.610001,108.300003,5232700
20141118,108.129997,109.059998,107.720001,108.830002,5407200
20141119,108.449997,108.809998,108.099998,108.760002,5217800
20141120,108.550003,108.57,107.690002,108.18,8085600
20141121,108.730003,108.730003,107.620003,107.860001,8417300
20141124,107.919998,108.230003,106.639999,106.879997,9097800
20141125,106.980003,107.190002,106.699997,106.699997,7362400
20141126,106.769997,107.25,106.599998,107.209999,5503700
20141128,107.610001,108.82,107.330002,108.25,5881200
20141201,107.889999,108.809998,107.349998,108.029999,5638800
20141202,107.970001,108.529999,107.50,108.510002,6181400
20141203,108.540001,108.989998,107.650002,107.720001,8957400
20141204,108.089996,108.300003,107.379997,107.559998,6697600
20141205,107.529999,108.739998,107.220001,108.510002,6449700
20141208,108.419998,108.879997,108.139999,108.519997,6499300
20141209,108.220001,108.470001,106.889999,108.050003,7214300
20141210,107.610001,107.959999,106.150002,106.239998,9416400
20141211,105.849998,107.309998,105.360001,106.720001,7114600
20141212,106.650002,106.870003,104.389999,104.43,8325500
20141215,104.769997,105.059998,103.629997,103.959999,12110600
20141216,103.480003,105.209999,102.50,102.760002,10209200
20141217,103.269997,104.489998,102.699997,104.07,10207600
20141218,105.620003,106.82,104.739998,106.809998,11756800
20141219,106.629997,107.389999,105.50,105.550003,19154400
20141222,105.690002,106.830002,105.669998,106.739998,8124500
20141223,106.660004,106.910004,103.919998,104.279999,10171700
20141224,104.379997,105.330002,104.379997,104.589996,3415100
20141226,105.07,105.690002,104.690002,105.059998,2947800
20141229,104.639999,105.690002,104.610001,105.330002,4273400
20141230,105.419998,105.800003,105.059998,105.360001,4371700
20141231,105.610001,106.110001,104.540001,104.57,6202100
20150102,105.050003,105.550003,104.129997,104.519997,5753600
20150105,104.480003,104.730003,103.68,103.790001,8079300
20150106,104.339996,104.989998,102.940002,103.279999,7428000
20150107,103.910004,105.830002,103.809998,105.559998,7931700
20150108,106.059998,106.489998,105.75,106.389999,9916000
20150109,106.50,106.50,104.75,104.940002,7360100
20150112,105.169998,105.82,104.300003,104.580002,6839000
20150113,105.440002,106.330002,104.239998,104.760002,10151100
20150114,103.860001,104.43,103.510002,104.00,8887700
20150115,104.00,104.00,101.949997,102.489998,10834800
20150116,102.059998,104.620003,102.00,104.040001,14092300
20150120,101.550003,102.050003,100.260002,101.290001,20460000
20150121,100.559998,102.099998,100.400002,101.900002,11702900
20150122,102.389999,103.830002,101.57,103.760002,9036600
20150123,102.940002,102.970001,101.940002,102.199997,10126000
20150126,101.800003,102.449997,101.209999,102.260002,8962800
20150127,101.830002,102.769997,100.93,102.089996,10160500
20150128,102.480003,102.93,101.440002,101.480003,9053200
20150129,101.510002,102.459999,100.669998,102.379997,7569300
20150130,101.580002,102.00,100.089996,100.139999,10676300
20150202,100.489998,100.849998,99.379997,100.830002,8990700
20150203,101.400002,102.559998,101.120003,102.459999,10005200
20150204,102.120003,102.449997,101.019997,101.360001,9514100
20150205,101.57,102.559998,101.459999,102.459999,6642200
20150206,102.110001,102.449997,100.830002,101.099998,9118500
20150209,101.059998,101.059998,99.099998,99.779999,9851700
20150210,100.190002,100.699997,99.43,100.349998,12275500
20150211,100.459999,100.790001,99.949997,100.379997,8177000
20150212,100.50,100.540001,97.150002,98.440002,25835200
20150213,98.440002,99.669998,98.330002,99.620003,11153600
20150217,99.389999,100.480003,99.120003,100.440002,8627100
20150218,100.699997,100.940002,99.379997,99.959999,7878200
20150219,99.949997,100.839996,99.610001,100.699997,10028200
20150220,100.18,100.370003,99.110001,100.260002,10085700
20150223,100.739998,100.769997,99.800003,100.18,6878200
20150224,100.25,101.050003,100.00,100.699997,6587200
20150225,100.940002,101.290001,100.160004,101.209999,9684000
20150226,101.379997,103.18,101.220001,102.800003,11437900
20150227,103.040001,103.330002,102.480003,102.510002,8500000
20150302,102.510002,103.410004,102.510002,103.220001,7277600
20150303,103.099998,103.099998,101.809998,102.339996,6419700
20150304,102.120003,102.120003,101.169998,101.650002,8665500
20150305,102.07,103.209999,102.00,102.519997,8042300
20150306,102.089996,102.43,99.879997,100.110001,9287600
20150309,100.199997,100.919998,99.760002,100.660004,5701100
20150310,99.989998,100.440002,99.510002,99.529999,8735700
20150311,99.830002,99.830002,98.220001,98.32,9138100
20150312,98.959999,100.239998,98.830002,99.830002,8318000
20150313,99.849998,100.050003,98.639999,99.209999,7821800
20150316,99.739998,101.07,99.739998,101.059998,7726500
20150317,100.110001,100.519997,99.410004,99.889999,7301500
20150318,99.889999,101.739998,99.129997,101.459999,7972500
20150319,101.040001,101.959999,100.910004,101.690002,6863100
20150320,101.870003,102.900002,101.760002,102.400002,12433800
20150323,102.470001,103.349998,102.230003,102.980003,9016000
20150324,102.830002,103.230003,101.93,101.959999,8390700
20150325,101.849998,102.50,100.339996,100.339996,8444100
20150326,99.949997,100.809998,99.559998,100.139999,9972400
20150327,100.279999,100.949997,100.150002,100.339996,5847400
20150330,101.239998,101.860001,100.760002,101.550003,6061200
20150331,100.970001,101.489998,100.589996,100.599998,8028000
20150401,100.459999,100.459999,98.610001,99.150002,11368100
20150402,99.440002,99.989998,98.889999,99.639999,6097100
20150406,98.839996,99.559998,98.040001,99.160004,9697600
20150407,99.550003,100.870003,99.43,100.099998,7900300
20150408,99.839996,100.449997,99.599998,100.160004,7354100
20150409,100.57,101.650002,100.330002,101.330002,8073900
20150410,101.330002,102.139999,100.93,102.059998,6786500
20150413,101.540001,101.980003,100.550003,100.550003,10753500
20150414,101.050003,101.459999,100.190002,100.519997,9322200
20150415,100.540001,101.239998,100.330002,100.599998,8237100
20150416,100.269997,100.32,99.769997,99.790001,7324800
20150417,99.370003,99.849998,99.110001,99.580002,11084200
20150420,100.260002,100.879997,100.050003,100.209999,6668500
20150421,100.660004,100.989998,100.160004,100.300003,6532700
20150422,100.629997,100.800003,99.959999,100.43,4763900
20150423,100.50,100.82,99.910004,100.459999,7351500
20150424,100.110001,101.529999,100.00,101.080002,6566900
20150427,101.160004,101.599998,100.470001,100.580002,9113900
20150428,100.449997,100.949997,99.309998,100.739998,7484600
20150429,100.510002,100.610001,99.900002,100.389999,8926200
20150430,100.07,100.150002,98.769997,99.199997,10170600
20150501,99.620003,100.389999,99.620003,100.129997,6255000
20150504,100.330002,100.550003,100.160004,100.349998,5532400
20150505,100.129997,100.290001,99.290001,99.50,8828000
20150506,99.620003,99.870003,98.660004,99.169998,8030800
20150507,98.940002,100.00,98.910004,99.660004,6401600
20150508,100.480003,101.669998,100.440002,101.470001,7508600
20150511,101.32,101.660004,101.010002,101.029999,5698900
20150512,100.879997,101.050003,100.279999,100.470001,6903100
20150513,100.68,101.129997,100.470001,100.550003,5826800
20150514,100.970001,101.870003,100.949997,101.830002,5454000
20150515,101.980003,102.32,101.669998,102.300003,6023500
20150518,102.370003,104.339996,102.32,103.419998,10479600
20150519,103.660004,104.120003,103.260002,103.959999,7724100
20150520,104.419998,104.480003,103.309998,103.599998,7146500
20150521,102.910004,103.300003,102.339996,102.419998,6875600
20150522,102.269997,102.410004,101.330002,101.349998,6216600
20150526,101.230003,101.550003,100.580002,100.82,7918900
20150527,101.010002,101.410004,100.800003,101.129997,9297900
20150528,101.010002,101.699997,100.809998,101.150002,5700100
20150529,101.550003,101.620003,99.830002,100.139999,9957800
20150601,100.279999,100.599998,99.720001,100.040001,7298100
20150602,99.919998,100.239998,99.099998,99.980003,8312400
20150603,100.32,100.43,99.839996,100.089996,5375200
20150604,99.940002,100.470001,99.059998,99.230003,8057900
20150605,98.989998,99.050003,98.199997,98.589996,7557300
20150608,98.599998,98.980003,97.959999,97.959999,7054600
20150609,98.440002,98.540001,97.800003,98.209999,7844300
20150610,98.480003,99.550003,98.199997,98.879997,10025100
20150611,99.199997,99.800003,98.830002,99.239998,6175200
20150612,98.879997,99.230003,98.120003,98.349998,8717200
20150615,97.75,97.870003,97.010002,97.489998,6833500
20150616,97.50,98.489998,97.099998,98.360001,6049500
20150617,98.379997,99.120003,98.150002,98.730003,6155800
20150618,98.860001,100.550003,98.709999,100.360001,8815800
20150619,99.879997,100.199997,99.779999,99.860001,11653600
20150622,100.599998,100.839996,99.989998,100.089996,5055900
20150623,100.099998,100.360001,99.480003,99.779999,6046600
20150624,99.510002,99.809998,99.07,99.330002,7254700
20150625,99.50,99.980003,99.110001,99.120003,6581100
20150626,99.43,100.129997,99.25,99.639999,9041100
20150629,98.980003,99.349998,97.620003,97.68,11150900
20150630,98.43,98.449997,97.300003,97.459999,8967900
20150701,98.300003,98.68,97.639999,98.470001,6726700
20150702,98.849998,99.019997,98.32,98.440002,6091900
20150706,97.709999,98.50,96.639999,98.199997,6817800
20150707,98.629997,98.980003,97.519997,98.919998,7122600
20150708,98.419998,98.589996,97.690002,97.769997,6845500
20150709,99.050003,99.540001,98.400002,98.400002,7316400
20150710,99.779999,99.889999,99.089996,99.529999,6969300
20150713,100.050003,100.480003,99.870003,100.269997,6986300
20150714,99.260002,99.879997,98.550003,99.779999,9890600
20150715,99.760002,100.940002,99.629997,100.419998,7990300
20150716,100.949997,101.360001,100.779999,101.110001,5775000
20150717,100.889999,100.910004,99.959999,100.080002,8054200
20150720,100.50,100.650002,100.099998,100.370003,5016200
20150721,100.599998,100.809998,100.07,100.339996,5891600
20150722,100.410004,100.709999,99.730003,100.18,6721900
20150723,100.50,100.599998,100.00,100.199997,5016100
20150724,99.75,99.949997,99.050003,99.150002,6524200
20150727,98.970001,98.989998,97.919998,98.279999,8734000
20150728,98.889999,99.230003,98.419998,99.019997,7757500
20150729,99.260002,100.050003,99.050003,99.730003,7853500
20150730,99.800003,100.00,99.379997,99.839996,5517400
20150731,100.339996,100.980003,99.959999,100.209999,6216800
20150803,100.00,100.209999,99.230003,100.019997,6172500
20150804,100.410004,100.50,99.650002,99.800003,6005300
20150805,100.57,101.00,100.349998,100.519997,4571300
20150806,100.489998,100.599998,99.010002,99.07,6988000
20150807,99.019997,99.07,98.160004,98.849998,6027900
20150810,99.57,100.059998,99.449997,99.790001,6133500
20150811,99.050003,99.339996,98.769997,99.010002,6682600
20150812,98.400002,98.730003,97.410004,98.709999,7462400
20150813,98.739998,98.980003,98.150002,98.480003,5048000
20150814,98.330002,98.830002,97.870003,98.809998,5177300
20150817,98.440002,99.879997,98.059998,99.870003,6901800
20150818,99.239998,99.68,99.019997,99.370003,7618800
20150819,99.18,99.989998,98.779999,99.309998,7642400
20150820,98.949997,100.120003,98.790001,98.790001,10620400
20150821,97.220001,98.519997,95.510002,95.559998,16141500
20150824,91.080002,95.209999,81.790001,92.82,25636300
20150825,95.690002,95.699997,90.400002,90.730003,15671100
20150826,92.910004,95.220001,91.459999,95.110001,14738300
20150827,96.099998,96.400002,94.349998,96.220001,11131200
20150828,95.93,96.290001,94.379997,95.169998,9184800
20150831,94.879997,95.169998,93.580002,93.980003,9017300
20150901,92.290001,92.889999,91.459999,92.089996,14562700
20150902,93.169998,93.470001,92.50,93.349998,11460600
20150903,93.660004,94.089996,92.260002,92.639999,8926500
20150904,91.580002,91.879997,90.57,91.309998,10996800
20150908,93.089996,93.980003,92.510002,93.940002,11264100
20150909,94.989998,95.160004,92.029999,92.220001,7323000
20150910,92.110001,93.480003,91.620003,92.720001,8274700
20150911,92.440002,93.00,91.800003,92.93,7348800
20150914,92.900002,93.910004,92.510002,93.32,7940900
20150915,93.790001,94.75,93.190002,94.400002,6998800
20150916,94.489998,94.82,93.82,94.610001,5611300
20150917,94.529999,96.190002,94.32,94.839996,8061700
20150918,94.080002,94.720001,93.25,93.389999,13969700
20150921,93.870003,94.599998,92.370003,93.129997,6971400
20150922,92.260002,93.440002,91.879997,93.239998,10607800
20150923,93.209999,93.699997,92.559998,92.989998,5597300
20150924,92.519997,92.940002,91.779999,92.480003,7178400
20150925,92.93,93.129997,90.760002,91.00,10738800
20150928,90.699997,92.07,89.900002,91.370003,14191300
20150929,92.239998,93.839996,91.830002,93.040001,11427300
20150930,94.129997,94.470001,92.589996,93.349998,10733400
20151001,93.43,93.849998,91.760002,93.169998,9645200
20151002,92.139999,93.970001,91.839996,93.93,8288300
20151005,94.190002,94.82,94.080002,94.760002,9327800
20151006,94.519997,94.660004,92.580002,93.419998,8249300
20151007,94.260002,95.419998,93.440002,94.980003,9397300
20151008,94.709999,95.199997,93.809998,95.080002,7084400
20151009,95.139999,95.959999,94.779999,95.370003,8219500
20151012,95.07,96.470001,94.980003,95.989998,8807300
20151013,94.790001,96.230003,94.309998,95.449997,12550500
20151014,95.209999,95.959999,94.120003,94.529999,8869000
20151015,95.00,97.349998,94.860001,97.150002,9240400
20151016,97.870003,98.309998,97.400002,98.239998,9110800
20151019,98.050003,98.199997,97.309998,97.940002,8607300
20151020,97.949997,98.25,97.309998,97.589996,6022400
20151021,97.639999,98.220001,97.07,97.629997,7059800
20151022,97.849998,99.809998,97.129997,99.529999,9851700
20151023,99.879997,100.879997,99.529999,100.309998,9139400
20151026,100.050003,100.279999,99.489998,99.940002,7560200
20151027,99.919998,100.900002,99.699997,100.190002,8803400
20151028,100.449997,100.480003,99.50,100.480003,7248500
20151029,100.470001,101.529999,100.120003,101.370003,6157200
20151030,101.529999,102.120003,101.010002,101.029999,10343600
20151102,101.18,102.339996,100.839996,102.169998,6278100
20151103,101.839996,102.300003,101.110001,101.959999,6189300
20151104,101.900002,102.389999,101.690002,101.940002,5587100
20151105,102.25,102.489998,101.419998,102.330002,6543800
20151106,101.57,101.919998,100.860001,101.919998,6208200
20151109,101.389999,101.589996,100.550003,100.839996,6586900
20151110,101.00,101.760002,100.68,101.449997,5069300
20151111,101.779999,102.360001,101.50,101.860001,6266100
20151112,101.139999,101.610001,100.220001,100.269997,6866400
20151113,100.040001,100.940002,99.739998,99.879997,8402900
20151116,100.379997,101.290001,100.040001,101.220001,5753100
